2021-01-04;1,00000;1,22960;126,62000;1,95580;-1,00000;26,14100;7,43790;-1,00000;0,90160;361,32000;-1,00000;-1,00000;-1,00000;4,54750;-1,00000;4,87130;10,08950;-1,00000;-1,00000;1,08110;156,10000;10,44400;7,55650;90,34200;-1,00000;9,05790;1,59280;6,32410;1,56210;7,94840;9,53300;17062,67000;3,94300;89,78900;1332,03000;24,30310;4,92640;1,70650;59,05800;1,61980;36,72800;17,92140
2021-01-05;1,00000;1,22710;126,25000;1,95580;-1,00000;26,22700;7,43870;-1,00000;0,90333;360,27000;-1,00000;-1,00000;-1,00000;4,54730;-1,00000;4,87210;10,05700;-1,00000;-1,00000;1,08030;156,10000;10,47130;7,55880;91,67150;-1,00000;9,06940;1,59270;6,55170;1,56510;7,93150;9,51360;17075,10000;3,92770;89,86700;1335,85000;24,58600;4,92930;1,70360;59,02000;1,61800;36,77600;18,41940
2021-01-06;1,00000;1,23380;127,03000;1,95580;-1,00000;26,14500;7,43930;-1,00000;0,90635;357,86000;-1,00000;-1,00000;-1,00000;4,51600;-1,00000;4,87200;10,06530;-1,00000;-1,00000;1,08210;156,30000;10,38100;7,55950;90,81750;-1,00000;9,05540;1,58240;6,51190;1,56400;7,96530;9,56590;17168,20000;3,92890;90,20400;1339,30000;24,35430;4,94820;1,69160;59,29600;1,62460;36,92100;18,51230
2021-01-07;1,00000;1,22760;127,13000;1,95580;-1,00000;26,14700;7,43920;-1,00000;0,90190;357,79000;-1,00000;-1,00000;-1,00000;4,49980;-1,00000;4,87120;10,05750;-1,00000;-1,00000;1,08330;155,30000;10,34350;7,56600;91,20000;-1,00000;8,99870;1,58360;6,51720;1,56010;7,93920;9,51760;17259,99000;3,90270;90,04550;1342,29000;24,25520;4,95700;1,69070;59,04300;1,62530;36,85900;18,79190
2021-01-08;1,00000;1,22500;127,26000;1,95580;-1,00000;26,16300;7,43690;-1,00000;0,90128;359,62000;-1,00000;-1,00000;-1,00000;4,51130;-1,00000;4,87080;10,05100;-1,00000;-1,00000;1,08270;155,50000;10,28630;7,56900;90,80000;-1,00000;9,01460;1,57580;6,57480;1,55430;7,91840;9,49820;17247,33000;3,89810;89,79750;1337,90000;24,47180;4,93590;1,68830;58,94700;1,62280;36,84800;18,72120
2021-01-11;1,00000;1,21630;126,76000;1,95580;-1,00000;26,23900;7,43720;-1,00000;0,90235;360,70000;-1,00000;-1,00000;-1,00000;4,52940;-1,00000;4,87050;10,07600;-1,00000;-1,00000;1,08380;157,10000;10,36800;7,58000;90,80750;-1,00000;9,05500;1,57830;6,65620;1,55510;7,88060;9,43300;17267,14000;3,86760;89,34600;1335,76000;24,53010;4,92840;1,69180;58,48600;1,61800;36,65900;18,80790
2021-01-12;1,00000;1,21610;126,74000;1,95580;-1,00000;26,19000;7,43850;-1,00000;0,89440;359,66000;-1,00000;-1,00000;-1,00000;4,52480;-1,00000;4,87130;10,08780;-1,00000;-1,00000;1,08120;156,20000;10,37650;7,58050;90,05370;-1,00000;9,10500;1,57420;6,65920;1,55100;7,85760;9,43140;17201,73000;3,84410;89,09150;1336,38000;24,30100;4,93430;1,69400;58,43400;1,61460;36,64100;18,72690
2021-01-13;1,00000;1,21660;126,44000;1,95580;-1,00000;26,17300;7,43920;-1,00000;0,88983;360,25000;-1,00000;-1,00000;-1,00000;4,52530;-1,00000;4,87250;10,13830;-1,00000;-1,00000;1,08120;156,00000;10,33900;7,58050;89,78590;-1,00000;9,05310;1,57340;6,48690;1,54870;7,87160;9,43360;17188,25000;3,82120;89,00950;1335,20000;24,14140;4,92050;1,69540;58,47200;1,61390;36,54700;18,63290
2021-01-14;1,00000;1,21240;126,21000;1,95580;-1,00000;26,19000;7,43930;-1,00000;0,88943;359,57000;-1,00000;-1,00000;-1,00000;4,53790;-1,00000;4,87380;10,10590;-1,00000;-1,00000;1,08050;156,60000;10,31080;7,56900;89,09000;-1,00000;8,94920;1,56420;6,38880;1,53810;7,84090;9,40050;17026,94000;3,80950;88,66250;1330,37000;24,04180;4,89320;1,68530;58,23200;1,60900;36,39600;18,41470
2021-01-15;1,00000;1,21230;125,74000;1,95580;-1,00000;26,16300;7,43930;-1,00000;0,88998;359,99000;-1,00000;-1,00000;-1,00000;4,53750;-1,00000;4,87330;10,13050;-1,00000;-1,00000;1,07700;156,40000;10,31350;7,55350;89,03640;-1,00000;9,01790;1,56800;6,36970;1,54130;7,84990;9,40050;17032,57000;3,95460;88,63650;1333,60000;24,02310;4,89390;1,68960;58,22600;1,61050;36,41100;18,46270
2021-01-18;1,00000;1,20640;125,18000;1,95580;-1,00000;26,18500;7,43930;-1,00000;0,89073;360,39000;-1,00000;-1,00000;-1,00000;4,53890;-1,00000;4,87430;10,15400;-1,00000;-1,00000;1,07470;156,80000;10,38580;7,55350;89,59130;-1,00000;9,05460;1,57210;6,39100;1,54130;7,83590;9,35380;17053,67000;3,90180;88,43650;1335,05000;23,97850;4,88830;1,69750;57,98900;1,60780;36,36100;18,49190
2021-01-19;1,00000;1,21320;126,16000;1,95580;-1,00000;26,16100;7,43930;-1,00000;0,89100;358,52000;-1,00000;-1,00000;-1,00000;4,53520;-1,00000;4,87440;10,09530;-1,00000;-1,00000;1,07690;157,00000;10,34230;7,56550;89,44000;-1,00000;9,02570;1,57230;6,38480;1,54380;7,86100;9,40520;17080,95000;3,93540;88,75250;1337,54000;23,78700;4,91350;1,70200;58,25100;1,61140;36,42600;18,11810
2021-01-20;1,00000;1,21010;125,62000;1,95580;-1,00000;26,12500;7,43820;-1,00000;0,88563;357,38000;-1,00000;-1,00000;-1,00000;4,53220;-1,00000;4,87380;10,13830;-1,00000;-1,00000;1,07780;157,20000;10,32300;7,56350;89,08500;-1,00000;9,01110;1,56660;6,43900;1,53790;7,82920;9,38040;17004,08000;3,93730;88,36800;1333,62000;23,77190;4,89490;1,69650;58,12200;1,60540;36,31500;18,11010
2021-01-21;1,00000;1,21580;125,72000;1,95580;-1,00000;26,09400;7,43950;-1,00000;0,88625;357,38000;-1,00000;-1,00000;-1,00000;4,52840;-1,00000;4,87400;10,08250;-1,00000;-1,00000;1,07730;156,80000;10,25130;7,56500;89,63690;-1,00000;8,95550;1,56350;6,40730;1,53450;7,85520;9,42450;17009,04000;3,97750;88,72200;1337,11000;23,84430;4,89970;1,68530;58,40600;1,60810;36,38900;17,99880
2021-01-22;1,00000;1,21580;126,19000;1,95580;-1,00000;26,15200;7,44040;-1,00000;0,89045;357,61000;-1,00000;-1,00000;-1,00000;4,53850;-1,00000;4,87400;10,08150;-1,00000;-1,00000;1,07730;157,00000;10,33080;7,56550;91,10090;-1,00000;9,01950;1,57700;6,57650;1,54580;7,88220;9,42550;17140,23000;3,98920;88,76700;1344,48000;24,23450;4,91550;1,69450;58,44400;1,61490;36,48600;18,38100
2021-01-25;1,00000;1,21520;126,06000;1,95580;-1,00000;26,08000;7,44060;-1,00000;0,88800;357,33000;-1,00000;-1,00000;-1,00000;4,54090;-1,00000;4,87440;10,06250;-1,00000;-1,00000;1,07720;157,00000;10,34780;7,56650;91,67320;-1,00000;8,98650;1,57280;6,64340;1,54590;7,87120;9,41990;17108,31000;3,97160;88,63000;1340,18000;24,29270;4,91490;1,68540;58,42700;1,61240;36,43800;18,49300
2021-01-26;1,00000;1,21430;125,93000;1,95580;-1,00000;26,08000;7,43900;-1,00000;0,88698;358,61000;-1,00000;-1,00000;-1,00000;4,54650;-1,00000;4,87480;10,07150;-1,00000;-1,00000;1,07890;157,00000;10,38730;7,56300;91,25380;-1,00000;8,92690;1,57090;6,58160;1,54440;7,85370;9,41320;17126,85000;3,96920;88,55550;1339,51000;24,33860;4,91610;1,67930;58,37900;1,60990;36,40500;18,40650
2021-01-27;1,00000;1,21140;125,87000;1,95580;-1,00000;26,02500;7,43770;-1,00000;0,88395;360,90000;-1,00000;-1,00000;-1,00000;4,55200;-1,00000;4,87530;10,11390;-1,00000;-1,00000;1,07590;157,00000;10,45550;7,55900;91,72580;-1,00000;8,95420;1,57440;6,49670;1,54530;7,84110;9,39110;17123,20000;3,95560;88,43800;1340,79000;24,44970;4,90070;1,68440;58,27000;1,60880;36,34200;18,43790
2021-01-28;1,00000;1,20910;126,20000;1,95580;-1,00000;26,11400;7,43680;-1,00000;0,88603;360,34000;-1,00000;-1,00000;-1,00000;4,54710;-1,00000;4,87610;10,13530;-1,00000;-1,00000;1,07830;156,00000;10,52050;7,56520;92,38420;-1,00000;8,93130;1,59140;6,58570;1,55640;7,82260;9,37420;17069,17000;3,98250;88,32100;1350,76000;24,71870;4,89140;1,70080;58,12600;1,61190;36,31500;18,43550
2021-01-29;1,00000;1,21360;127,05000;1,95580;-1,00000;26,02000;7,43700;-1,00000;0,88383;358,39000;-1,00000;-1,00000;-1,00000;4,53040;-1,00000;4,87500;10,11100;-1,00000;-1,00000;1,07980;156,10000;10,34300;7,56580;91,89790;-1,00000;8,87720;1,58190;6,65680;1,55200;7,80470;9,40930;16994,16000;3,98140;88,43200;1354,98000;24,54170;4,90600;1,68630;58,33300;1,61210;36,28700;18,30580
2021-02-01;1,00000;1,20840;126,77000;1,95580;-1,00000;25,97500;7,43730;-1,00000;0,88200;356,35000;-1,00000;-1,00000;-1,00000;4,50800;-1,00000;4,87350;10,16270;-1,00000;-1,00000;1,08160;156,30000;10,38900;7,57450;91,62480;-1,00000;8,69020;1,58310;6,57650;1,54740;7,81430;9,36870;17011,92000;3,97390;88,34500;1351,21000;24,51570;4,88500;1,68440;58,08300;1,60920;36,22800;18,15740
2021-02-02;1,00000;1,20440;126,46000;1,95580;-1,00000;25,90000;7,43730;-1,00000;0,88075;355,70000;-1,00000;-1,00000;-1,00000;4,49530;-1,00000;4,87430;10,15930;-1,00000;-1,00000;1,08080;156,10000;10,34630;7,58100;90,93070;-1,00000;8,66290;1,58470;6,49040;1,54220;7,77560;9,33610;16878,40000;3,97270;87,90600;1344,07000;24,34920;4,87120;1,67930;57,70800;1,60410;36,12000;18,00670
2021-02-03;1,00000;1,20170;126,25000;1,95580;-1,00000;25,92500;7,43750;-1,00000;0,88145;355,51000;-1,00000;-1,00000;-1,00000;4,49170;-1,00000;4,87340;10,13030;-1,00000;-1,00000;1,08040;156,10000;10,35400;7,56930;91,22170;-1,00000;8,61360;1,57810;6,42560;1,53730;7,76230;9,31500;16852,88000;3,96950;87,61850;1341,03000;24,21900;4,86810;1,66950;57,72100;1,60210;36,11100;17,94120
2021-02-04;1,00000;1,19960;126,24000;1,95580;-1,00000;25,89500;7,43670;-1,00000;0,87693;355,59000;-1,00000;-1,00000;-1,00000;4,49410;-1,00000;4,87550;10,13580;-1,00000;-1,00000;1,08180;156,10000;10,33800;7,57150;90,61920;-1,00000;8,54900;1,57270;6,42850;1,53580;7,75420;9,30030;16838,85000;3,95490;87,43450;1341,26000;24,29040;4,86860;1,66660;57,66800;1,60250;36,06000;18,02970
2021-02-05;1,00000;1,19830;126,72000;1,95580;-1,00000;25,80600;7,43620;-1,00000;0,87538;356,58000;-1,00000;-1,00000;-1,00000;4,50230;-1,00000;4,87470;10,12280;-1,00000;-1,00000;1,08250;154,90000;10,30680;7,56130;89,63250;-1,00000;8,47530;1,57610;6,52480;1,53440;7,75350;9,29000;16820,24000;3,94560;87,36700;1345,45000;24,34900;4,87770;1,67760;57,64100;1,60330;36,06900;17,94070
2021-02-08;1,00000;1,20250;126,97000;1,95580;-1,00000;25,73900;7,43650;-1,00000;0,87833;358,33000;-1,00000;-1,00000;-1,00000;4,48240;-1,00000;4,87480;10,11480;-1,00000;-1,00000;1,08420;154,70000;10,27250;7,55830;89,40490;-1,00000;8,53080;1,56930;6,49550;1,53630;7,76180;9,32190;16876,31000;3,94870;87,72400;1347,77000;24,30500;4,88880;1,67400;57,84300;1,60670;36,09800;17,97010
2021-02-09;1,00000;1,21040;126,58000;1,95580;-1,00000;25,73800;7,43690;-1,00000;0,87828;358,88000;-1,00000;-1,00000;-1,00000;4,47610;-1,00000;4,87530;10,10580;-1,00000;-1,00000;1,08170;154,10000;10,25880;7,56700;89,61640;-1,00000;8,58830;1,56810;6,55300;1,54140;7,78940;9,38270;16929,80000;3,94010;88,27650;1347,42000;24,32050;4,89970;1,67410;58,14200;1,60740;36,23900;17,89530
2021-02-10;1,00000;1,21270;127,04000;1,95580;-1,00000;25,83500;7,43730;-1,00000;0,87650;357,53000;-1,00000;-1,00000;-1,00000;4,48190;-1,00000;4,87520;10,08000;-1,00000;-1,00000;1,08050;155,20000;10,22800;7,56450;89,51160;-1,00000;8,55030;1,56820;6,56410;1,53940;7,82350;9,40140;16956,58000;3,94410;88,31850;1340,67000;24,37760;4,90420;1,68030;58,26900;1,60800;36,26600;17,83010
2021-02-11;1,00000;1,21470;127,12000;1,95580;-1,00000;25,77200;7,43800;-1,00000;0,87755;357,18000;-1,00000;-1,00000;-1,00000;4,49750;-1,00000;4,87450;10,08680;-1,00000;-1,00000;1,08020;155,80000;10,25950;7,56880;89,37920;-1,00000;8,52540;1,56380;6,49360;1,53840;7,84480;9,41710;16963,10000;3,95310;88,40400;1339,97000;24,20370;4,91040;1,67720;58,34300;1,60800;36,27100;17,75330
2021-02-12;1,00000;1,21080;127,15000;1,95580;-1,00000;25,75300;7,43610;-1,00000;0,87753;358,87000;-1,00000;-1,00000;-1,00000;4,49990;-1,00000;4,87460;10,08180;-1,00000;-1,00000;1,08030;155,80000;10,28500;7,57100;89,80550;-1,00000;8,50100;1,56660;6,53020;1,54180;7,82070;9,38680;16936,37000;3,93770;87,87700;1337,98000;24,25150;4,89470;1,68400;58,18100;1,60660;36,21500;17,73620
2021-02-15;1,00000;1,21290;127,72000;1,95580;-1,00000;25,68200;7,43660;-1,00000;0,87225;358,15000;-1,00000;-1,00000;-1,00000;4,48640;-1,00000;4,87530;10,04350;-1,00000;-1,00000;1,08020;155,60000;10,19630;7,57200;88,95480;-1,00000;8,44180;1,56020;6,51340;1,53460;7,83320;9,40330;16857,31000;3,93490;88,06800;1337,12000;24,18250;4,89340;1,67850;58,13600;1,60460;36,25400;17,50060
2021-02-16;1,00000;1,21430;128,16000;1,95580;-1,00000;25,75300;7,43670;-1,00000;0,87333;358,51000;-1,00000;-1,00000;-1,00000;4,49420;-1,00000;4,87600;10,04150;-1,00000;-1,00000;1,08000;155,60000;10,19380;7,57200;89,34310;-1,00000;8,46730;1,56130;6,52090;1,53650;7,84220;9,41390;16974,40000;3,93040;88,41950;1341,09000;24,38660;4,89360;1,67740;58,60600;1,60860;36,33200;17,65440
2021-02-17;1,00000;1,20600;127,94000;1,95580;-1,00000;25,88300;7,43680;-1,00000;0,86960;359,03000;-1,00000;-1,00000;-1,00000;4,50120;-1,00000;4,87500;10,04130;-1,00000;-1,00000;1,08060;155,80000;10,21130;7,57050;89,05240;-1,00000;8,43480;1,55730;6,47710;1,53040;7,78860;9,34930;16959,38000;3,92780;87,79400;1334,77000;24,48360;4,87020;1,67860;58,43300;1,60280;36,16800;17,82470
2021-02-18;1,00000;1,20840;127,69000;1,95580;-1,00000;25,86400;7,43620;-1,00000;0,86540;358,73000;-1,00000;-1,00000;-1,00000;4,48880;-1,00000;4,87510;10,03280;-1,00000;-1,00000;1,08290;155,80000;10,21780;7,57650;88,98720;-1,00000;8,39750;1,55180;6,52520;1,53070;7,81720;9,36840;16998,02000;3,94030;87,66950;1336,85000;24,38900;4,88440;1,67350;58,61600;1,60280;36,27600;17,56020
2021-02-19;1,00000;1,21390;127,81000;1,95580;-1,00000;25,84900;7,43680;-1,00000;0,86508;358,50000;-1,00000;-1,00000;-1,00000;4,48300;-1,00000;4,87580;10,03300;-1,00000;-1,00000;1,08510;155,60000;10,20950;7,57800;89,60890;-1,00000;8,44700;1,54450;6,56330;1,53070;7,83180;9,41210;17094,81000;3,97000;88,01450;1339,59000;24,70940;4,90480;1,66420;58,84600;1,60590;36,38600;17,73910
2021-02-22;1,00000;1,21330;128,00000;1,95580;-1,00000;25,95400;7,43650;-1,00000;0,86530;359,09000;-1,00000;-1,00000;-1,00000;4,49820;-1,00000;4,87580;10,03150;-1,00000;-1,00000;1,08880;155,60000;10,31850;7,57140;90,98000;-1,00000;8,56840;1,53920;6,68430;1,53280;7,84470;9,40700;17197,50000;3,96830;87,97200;1350,83000;25,21890;4,90480;1,65830;59,11200;1,60580;36,44800;18,07320
2021-02-23;1,00000;1,21430;127,98000;1,95580;-1,00000;25,90600;7,43660;-1,00000;0,86308;359,14000;-1,00000;-1,00000;-1,00000;4,50660;-1,00000;4,87600;10,07470;-1,00000;-1,00000;1,09460;155,20000;10,31900;7,57700;89,92190;-1,00000;8,56810;1,53780;6,60620;1,53190;7,85060;9,41530;17129,52000;3,96550;88,05750;1351,72000;25,16110;4,91000;1,65850;59,02100;1,60480;36,45300;17,85990
2021-02-24;1,00000;1,21460;128,69000;1,95580;-1,00000;25,97800;7,43640;-1,00000;0,86030;359,74000;-1,00000;-1,00000;-1,00000;4,51780;-1,00000;4,87490;10,08930;-1,00000;-1,00000;1,10290;154,60000;10,24830;7,58050;89,49190;-1,00000;8,70710;1,53470;6,56420;1,52660;7,83620;9,41890;17070,23000;3,96820;87,87600;1346,15000;24,77000;4,91000;1,64510;59,07200;1,60490;36,48700;17,57230
2021-02-25;1,00000;1,22250;129,73000;1,95580;-1,00000;26,11000;7,43630;-1,00000;0,86408;360,18000;-1,00000;-1,00000;-1,00000;4,51220;-1,00000;4,87480;10,06680;-1,00000;-1,00000;1,10760;153,30000;10,22750;7,58950;90,35190;-1,00000;8,83440;1,53170;6,66630;1,52570;7,88980;9,47930;17352,10000;4,00860;88,79400;1359,14000;25,34240;4,93830;1,64090;59,49200;1,61200;36,85800;18,11010
2021-02-26;1,00000;1,21210;128,83000;1,95580;-1,00000;26,19500;7,43610;-1,00000;0,87053;361,43000;-1,00000;-1,00000;-1,00000;4,51860;-1,00000;4,87500;10,13880;-1,00000;-1,00000;1,09860;152,90000;10,40120;7,58300;90,66970;-1,00000;9,01680;1,56050;6,66440;1,53310;7,83850;9,40100;17353,51000;4,00720;89,57660;1367,10000;25,28790;4,90960;1,66220;59,09000;1,61060;36,79900;18,10250
2021-03-01;1,00000;1,20530;128,63000;1,95580;-1,00000;26,08700;7,43600;-1,00000;0,86558;362,86000;-1,00000;-1,00000;-1,00000;4,52630;-1,00000;4,87490;10,18330;-1,00000;-1,00000;1,10140;153,90000;10,36000;7,57750;89,31550;-1,00000;8,71750;1,55700;6,72440;1,52740;7,79700;9,34980;17254,29000;3,98280;88,66650;1352,80000;25,03170;4,88810;1,66290;58,53100;1,60420;36,43600;18,14980
2021-03-02;1,00000;1,20280;128,58000;1,95580;-1,00000;26,14200;7,43610;-1,00000;0,86433;363,70000;-1,00000;-1,00000;-1,00000;4,53220;-1,00000;4,87620;10,14000;-1,00000;-1,00000;1,10500;152,10000;10,25550;7,58250;88,68850;-1,00000;8,81510;1,54220;6,83870;1,52250;7,78400;9,32970;17230,11000;3,97000;88,25900;1354,37000;24,87720;4,88040;1,65650;58,33800;1,60160;36,40100;18,13530
2021-03-03;1,00000;1,20480;128,81000;1,95580;-1,00000;26,13800;7,43620;-1,00000;0,86351;363,75000;-1,00000;-1,00000;-1,00000;4,53360;-1,00000;4,87750;10,12500;-1,00000;-1,00000;1,10640;152,50000;10,24510;7,58050;88,88570;-1,00000;8,90090;1,54550;6,88270;1,52340;7,78970;9,34520;17175,15000;3,96400;87,76650;1347,23000;24,99190;4,88060;1,65810;58,42000;1,60410;36,56600;18,00730
2021-03-04;1,00000;1,20340;129,23000;1,95580;-1,00000;26,20800;7,43610;-1,00000;0,86270;364,53000;-1,00000;-1,00000;-1,00000;4,55290;-1,00000;4,88130;10,15950;-1,00000;-1,00000;1,11140;153,30000;10,25950;7,58700;88,65630;-1,00000;8,96660;1,54490;6,74690;1,52130;7,78460;9,33630;17166,50000;3,98300;87,55200;1353,89000;25,06150;4,88280;1,65990;58,39900;1,60240;36,51100;18,09260
2021-03-05;1,00000;1,19380;129,30000;1,95580;-1,00000;26,30300;7,43630;-1,00000;0,86300;366,29000;-1,00000;-1,00000;-1,00000;4,57480;-1,00000;4,88130;10,18630;-1,00000;-1,00000;1,10660;152,90000;10,21100;7,57450;88,88070;-1,00000;8,95020;1,55650;6,79790;1,51600;7,74890;9,26950;17184,09000;3,96060;87,23050;1347,11000;25,32040;4,86350;1,67370;58,04800;1,60080;36,42200;18,26190
2021-03-08;1,00000;1,18660;128,90000;1,95580;-1,00000;26,41700;7,43620;-1,00000;0,85728;367,19000;-1,00000;-1,00000;-1,00000;4,60020;-1,00000;4,88520;10,18030;-1,00000;-1,00000;1,10870;152,70000;10,17850;7,57800;88,74080;-1,00000;9,10620;1,54990;6,82280;1,50350;7,74460;9,21830;17039,58000;3,96120;87,04750;1351,68000;25,57590;4,87400;1,66730;57,80300;1,59960;36,53500;18,35820
2021-03-09;1,00000;1,18940;129,50000;1,95580;-1,00000;26,28800;7,43660;-1,00000;0,85704;366,83000;-1,00000;-1,00000;-1,00000;4,58430;-1,00000;4,88700;10,13600;-1,00000;-1,00000;1,10710;151,75000;10,08380;7,59130;87,97110;-1,00000;9,10230;1,54400;6,95530;1,49900;7,74780;9,23250;17140,98000;3,96020;86,82700;1353,91000;25,36350;4,89740;1,66070;57,72400;1,60110;36,59700;18,31280
2021-03-10;1,00000;1,18920;129,12000;1,95580;-1,00000;26,22600;7,43660;-1,00000;0,85655;367,48000;-1,00000;-1,00000;-1,00000;4,57520;-1,00000;4,88650;10,13050;-1,00000;-1,00000;1,10690;152,10000;10,08130;7,58650;87,97440;-1,00000;9,02690;1,54300;6,88070;1,50410;7,74330;9,23070;17130,43000;3,95320;86,81000;1357,05000;25,22210;4,90720;1,65900;57,78000;1,60190;36,59200;18,17400
2021-03-11;1,00000;1,19690;129,82000;1,95580;-1,00000;26,15400;7,43660;-1,00000;0,85670;365,88000;-1,00000;-1,00000;-1,00000;4,57600;-1,00000;4,88400;10,12950;-1,00000;-1,00000;1,10660;153,30000;10,09100;7,58600;88,04320;-1,00000;8,90280;1,53840;6,70390;1,50510;7,76140;9,28700;17241,34000;3,95370;86,88800;1353,09000;24,79780;4,91630;1,65460;57,97100;1,60320;36,57000;17,80770
2021-03-12;1,00000;1,19330;130,14000;1,95580;-1,00000;26,15000;7,43660;-1,00000;0,85835;366,18000;-1,00000;-1,00000;-1,00000;4,58670;-1,00000;4,88500;10,13880;-1,00000;-1,00000;1,10940;153,90000;10,08630;7,58850;87,70300;-1,00000;9,04520;1,53940;6,64210;1,49750;7,76360;9,26420;17174,63000;3,96370;86,72600;1354,93000;24,85560;4,91400;1,66330;57,77200;1,60530;36,73000;17,85050
2021-03-15;1,00000;1,19200;130,17000;1,95580;-1,00000;26,19300;7,43620;-1,00000;0,85670;367,63000;-1,00000;-1,00000;-1,00000;4,59140;-1,00000;4,88450;10,18500;-1,00000;-1,00000;1,10840;153,50000;10,09880;7,57980;87,14710;-1,00000;8,98520;1,54190;6,68960;1,48740;7,75080;9,25530;17165,81000;3,94280;86,49250;1351,97000;24,66100;4,90210;1,65880;57,86800;1,60400;36,63000;17,73160
2021-03-16;1,00000;1,19260;129,88000;1,95580;-1,00000;26,19700;7,43600;-1,00000;0,85945;367,30000;-1,00000;-1,00000;-1,00000;4,59330;-1,00000;4,88680;10,13880;-1,00000;-1,00000;1,10330;151,60000;10,10280;7,57650;86,69480;-1,00000;8,93500;1,53900;6,67220;1,48670;7,75190;9,26260;17206,59000;3,92970;86,47900;1347,36000;24,60210;4,90640;1,65780;57,99400;1,60490;36,65500;17,70670
2021-03-17;1,00000;1,19070;130,02000;1,95580;-1,00000;26,15900;7,43600;-1,00000;0,85668;367,74000;-1,00000;-1,00000;-1,00000;4,61360;-1,00000;4,88740;10,13550;-1,00000;-1,00000;1,10470;151,40000;10,12130;7,57650;87,82450;-1,00000;8,94980;1,54270;6,72990;1,48520;7,74350;9,24760;17216,30000;3,91550;86,42900;1346,65000;24,68820;4,90750;1,66180;57,98200;1,60360;36,65600;17,71800
2021-03-18;1,00000;1,19120;130,08000;1,95580;-1,00000;26,17000;7,43600;-1,00000;0,85575;368,18000;-1,00000;-1,00000;-1,00000;4,62530;-1,00000;4,88580;10,15700;-1,00000;-1,00000;1,10690;151,60000;10,10580;7,57500;88,13130;-1,00000;8,77010;1,53470;6,62250;1,48240;7,75070;9,24930;17165,19000;3,92900;86,61050;1343,25000;24,53060;4,89760;1,65670;57,99700;1,60130;36,77200;17,62020
2021-03-19;1,00000;1,18910;129,54000;1,95580;-1,00000;26,12700;7,43640;-1,00000;0,85763;367,94000;-1,00000;-1,00000;-1,00000;4,62000;-1,00000;4,88530;10,17430;-1,00000;-1,00000;1,10660;151,40000;10,20180;7,57580;88,07500;-1,00000;8,63540;1,53650;6,57100;1,48770;7,74130;9,23520;17128,99000;3,92130;86,21550;1344,69000;24,16000;4,88420;1,65980;57,79500;1,59700;36,67200;17,50510
2021-03-22;1,00000;1,19260;129,77000;1,95580;-1,00000;26,07500;7,43600;-1,00000;0,86233;366,90000;-1,00000;-1,00000;-1,00000;4,60170;-1,00000;4,88620;10,15800;-1,00000;-1,00000;1,10230;151,20000;10,13930;7,57400;88,90110;-1,00000;9,40970;1,54000;6,59170;1,49030;7,75820;9,26140;17176,42000;3,94040;86,28950;1344,78000;24,63370;4,90640;1,66170;57,84300;1,59920;36,81600;17,56570
2021-03-23;1,00000;1,18830;128,99000;1,95580;-1,00000;26,19800;7,43600;-1,00000;0,86198;366,51000;-1,00000;-1,00000;-1,00000;4,61910;-1,00000;4,88930;10,18130;-1,00000;-1,00000;1,10660;148,30000;10,17830;7,57550;90,27810;-1,00000;9,36380;1,54910;6,55620;1,49380;7,73670;9,22900;17105,58000;3,90990;86,10250;1342,48000;24,59260;4,89880;1,69180;57,77900;1,59550;36,81900;17,58180
2021-03-24;1,00000;1,18250;128,60000;1,95580;-1,00000;26,20600;7,43600;-1,00000;0,86250;364,93000;-1,00000;-1,00000;-1,00000;4,62800;-1,00000;4,88800;10,16350;-1,00000;-1,00000;1,10680;150,10000;10,15630;7,57300;90,20130;-1,00000;9,40090;1,55320;6,52580;1,48840;7,71330;9,18630;17082,00000;3,89180;85,85850;1338,12000;24,52360;4,88430;1,69630;57,46800;1,59170;36,65800;17,52480
2021-03-25;1,00000;1,18020;128,75000;1,95580;-1,00000;26,23300;7,43600;-1,00000;0,86068;364,78000;-1,00000;-1,00000;-1,00000;4,63990;-1,00000;4,88650;10,19350;-1,00000;-1,00000;1,10450;149,80000;10,16530;7,57480;90,01150;-1,00000;9,43130;1,55480;6,69600;1,48490;7,72200;9,17000;17024,39000;3,90910;85,76050;1340,88000;24,66160;4,89370;1,69480;57,33500;1,58990;36,74600;17,68520
2021-03-26;1,00000;1,17820;129,34000;1,95580;-1,00000;26,08100;7,43610;-1,00000;0,85503;363,58000;-1,00000;-1,00000;-1,00000;4,64930;-1,00000;4,88780;10,19050;-1,00000;-1,00000;1,10900;149,80000;10,12580;7,57400;89,50750;-1,00000;9,45230;1,54590;6,71100;1,48140;7,70630;9,15400;16986,70000;3,92610;85,48450;1332,17000;24,25750;4,88540;1,68630;57,13200;1,58650;36,65400;17,68450
2021-03-29;1,00000;1,17840;129,19000;1,95580;-1,00000;26,07900;7,43600;-1,00000;0,85120;362,32000;-1,00000;-1,00000;-1,00000;4,64570;-1,00000;4,90250;10,22050;-1,00000;-1,00000;1,10750;151,00000;10,07380;7,57230;89,44250;-1,00000;9,62090;1,53980;6,79640;1,48330;7,73340;9,16180;17021,99000;3,92540;85,50380;1334,49000;24,45130;4,88030;1,68050;57,11200;1,58600;36,73100;17,69240
2021-03-30;1,00000;1,17410;129,48000;1,95580;-1,00000;26,12200;7,43690;-1,00000;0,85378;363,30000;-1,00000;-1,00000;-1,00000;4,65820;-1,00000;4,92100;10,24730;-1,00000;-1,00000;1,10570;148,50000;10,06130;7,56980;89,15910;-1,00000;9,78000;1,54190;6,76850;1,48140;7,71540;9,12830;17063,20000;3,91330;86,25400;1331,35000;24,22620;4,87370;1,67940;57,01500;1,58150;36,71400;17,53960
2021-03-31;1,00000;1,17250;129,91000;1,95580;-1,00000;26,14300;7,43730;-1,00000;0,85209;363,27000;-1,00000;-1,00000;-1,00000;4,65080;-1,00000;4,92230;10,23830;-1,00000;-1,00000;1,10700;148,10000;9,99550;7,57050;88,31750;-1,00000;9,72500;1,54120;6,74090;1,47820;7,68120;9,11530;17030,56000;3,91780;85,81300;1324,19000;24,05060;4,86180;1,67690;56,90100;1,57680;36,65800;17,34840
2021-04-01;1,00000;1,17460;130,03000;1,95580;-1,00000;26,08500;7,43790;-1,00000;0,85195;361,84000;-1,00000;-1,00000;-1,00000;4,60890;-1,00000;4,90880;10,27530;-1,00000;-1,00000;1,10990;148,70000;10,04080;7,57050;89,59440;-1,00000;9,59030;1,55000;6,61490;1,47870;7,71950;9,13460;17068,23000;3,91500;86,22750;1328,36000;23,87920;4,86930;1,68060;57,07600;1,58010;36,73000;17,20740
2021-04-06;1,00000;1,18120;130,27000;1,95580;-1,00000;26,05100;7,43790;-1,00000;0,85358;360,31000;-1,00000;-1,00000;-1,00000;4,59140;-1,00000;4,91750;10,26100;-1,00000;-1,00000;1,10700;149,50000;10,07680;7,57000;90,50740;-1,00000;9,62810;1,54820;6,66440;1,48400;7,73900;9,18600;17133,31000;3,90050;86,70000;1323,16000;23,93950;4,88010;1,68140;57,42400;1,58400;37,05400;17,13990
2021-04-07;1,00000;1,18840;130,56000;1,95580;-1,00000;25,91900;7,43650;-1,00000;0,86065;359,68000;-1,00000;-1,00000;-1,00000;4,57560;-1,00000;4,91850;10,23600;-1,00000;-1,00000;1,10440;150,40000;10,05350;7,57630;92,33590;-1,00000;9,72270;1,55810;6,64400;1,49820;7,77610;9,25270;17304,71000;3,92360;88,36750;1328,05000;24,00910;4,90990;1,69070;57,96500;1,59170;37,28600;17,28030
2021-04-08;1,00000;1,18730;129,71000;1,95580;-1,00000;25,87500;7,43770;-1,00000;0,86290;358,65000;-1,00000;-1,00000;-1,00000;4,55130;-1,00000;4,91980;10,20730;-1,00000;-1,00000;1,10210;151,00000;10,07800;7,58350;91,46180;-1,00000;9,67990;1,55390;6,65450;1,49470;7,77490;9,23560;17257,41000;3,89940;88,58850;1324,91000;23,94970;4,91250;1,68550;57,71300;1,59160;37,34700;17,26770
2021-04-09;1,00000;1,18880;130,42000;1,95580;-1,00000;25,94500;7,43720;-1,00000;0,86658;357,97000;-1,00000;-1,00000;-1,00000;4,53920;-1,00000;4,91980;10,17250;-1,00000;-1,00000;1,10100;151,90000;10,11300;7,57550;91,81520;-1,00000;9,69030;1,55790;6,66410;1,49500;7,79340;9,24700;17354,52000;3,90930;88,81450;1331,28000;23,93740;4,91570;1,68600;57,76400;1,59410;37,38800;17,31000
2021-04-12;1,00000;1,19040;130,20000;1,95580;-1,00000;26,03100;7,43690;-1,00000;0,86518;356,43000;-1,00000;-1,00000;-1,00000;4,52460;-1,00000;4,92030;10,19750;-1,00000;-1,00000;1,09980;151,90000;10,09400;7,56730;91,95880;-1,00000;9,70380;1,56130;6,74600;1,49310;7,79070;9,25640;17391,62000;3,91850;89,30200;1338,46000;23,96900;4,91990;1,69140;57,84500;1,59640;37,50400;17,38780
2021-04-13;1,00000;1,18960;130,23000;1,95580;-1,00000;26,01600;7,43740;-1,00000;0,86698;359,44000;-1,00000;-1,00000;-1,00000;4,56680;-1,00000;4,92230;10,21100;-1,00000;-1,00000;1,10010;151,90000;10,16750;7,56950;91,84500;-1,00000;9,68930;1,56520;6,82160;1,50060;7,79050;9,24770;17431,21000;3,93000;89,72150;1337,32000;24,02510;4,91900;1,69460;57,85400;1,59810;37,57900;17,42280
2021-04-14;1,00000;1,19640;130,33000;1,95580;-1,00000;25,92900;7,43720;-1,00000;0,86918;358,61000;-1,00000;-1,00000;-1,00000;4,55370;-1,00000;4,92400;10,14330;-1,00000;-1,00000;1,10330;151,70000;10,07450;7,57030;90,55040;-1,00000;9,67920;1,55610;6,81890;1,50260;7,81460;9,29150;17496,57000;3,93110;89,83300;1333,87000;24,05080;4,93930;1,68210;58,03100;1,59980;37,51900;17,29890
2021-04-15;1,00000;1,19700;130,14000;1,95580;-1,00000;25,94200;7,43720;-1,00000;0,86753;358,93000;-1,00000;-1,00000;-1,00000;4,55540;-1,00000;4,92500;10,12980;-1,00000;-1,00000;1,10460;151,90000;10,04330;7,56150;92,23360;-1,00000;9,71110;1,54480;6,76310;1,49550;7,81290;9,29840;17497,09000;3,92790;89,80100;1335,30000;23,94550;4,93700;1,67160;58,01300;1,59740;37,37600;17,04530
2021-04-16;1,00000;1,19860;130,37000;1,95580;-1,00000;25,92700;7,43680;-1,00000;0,86793;361,10000;-1,00000;-1,00000;-1,00000;4,55090;-1,00000;4,92630;10,10550;-1,00000;-1,00000;1,10110;151,90000;10,01800;7,56680;90,89210;-1,00000;9,66920;1,54590;6,74000;1,49860;7,81570;9,31520;17420,96000;3,92860;89,23550;1335,70000;23,88060;4,94660;1,67250;58,00100;1,59800;37,42000;17,09670
2021-04-19;1,00000;1,20350;130,09000;1,95580;-1,00000;25,90300;7,43640;-1,00000;0,86355;360,23000;-1,00000;-1,00000;-1,00000;4,54730;-1,00000;4,92600;10,09850;-1,00000;-1,00000;1,09980;151,70000;9,97330;7,57130;91,75270;-1,00000;9,71980;1,54910;6,70560;1,50380;7,83230;9,34750;17463,33000;3,92620;90,06750;1340,89000;23,88600;4,96260;1,67500;58,22300;1,60140;37,58900;17,13980
2021-04-20;1,00000;1,20510;130,64000;1,95580;-1,00000;25,90300;7,43650;-1,00000;0,86295;361,11000;-1,00000;-1,00000;-1,00000;4,55250;-1,00000;4,92780;10,12880;-1,00000;-1,00000;1,10290;151,90000;9,99650;7,57150;92,27860;-1,00000;9,77640;1,54920;6,71170;1,50890;7,83030;9,35500;17508,48000;3,91660;90,54800;1342,91000;23,97310;4,95960;1,67350;58,21400;1,60090;37,69000;17,22870
2021-04-21;1,00000;1,20070;129,80000;1,95580;-1,00000;25,89300;7,43640;-1,00000;0,86250;362,30000;-1,00000;-1,00000;-1,00000;4,55610;-1,00000;4,92600;10,15130;-1,00000;-1,00000;1,10260;150,60000;10,04230;7,57500;92,08360;-1,00000;9,81560;1,55540;6,68690;1,51370;7,80110;9,32090;17464,90000;3,90990;90,59550;1344,21000;23,90520;4,94810;1,67260;58,14700;1,59710;37,66600;17,14500
2021-04-22;1,00000;1,20460;130,30000;1,95580;-1,00000;25,86000;7,43660;-1,00000;0,86855;363,52000;-1,00000;-1,00000;-1,00000;4,55670;-1,00000;4,92740;10,12370;-1,00000;-1,00000;1,10350;151,00000;10,04750;7,57180;91,32750;-1,00000;9,95530;1,55810;6,65460;1,50670;7,81810;9,34740;17515,06000;3,92970;90,39400;1346,21000;24,00790;4,95390;1,67890;58,30400;1,60010;37,77000;17,23480
2021-04-23;1,00000;1,20660;129,98000;1,95580;-1,00000;25,84700;7,43610;-1,00000;0,86905;363,47000;-1,00000;-1,00000;-1,00000;4,56230;-1,00000;4,92450;10,14050;-1,00000;-1,00000;1,10380;151,20000;10,04300;7,57050;90,32870;-1,00000;10,06350;1,55900;6,55720;1,50620;7,83200;9,36530;17526,35000;3,92560;90,47150;1347,03000;23,94550;4,95850;1,68020;58,33300;1,60100;37,85000;17,20680
2021-04-26;1,00000;1,20850;130,54000;1,95580;-1,00000;25,80700;7,43620;-1,00000;0,86975;363,30000;-1,00000;-1,00000;-1,00000;4,55710;-1,00000;4,92330;10,13080;-1,00000;-1,00000;1,10670;151,00000;10,03580;7,56520;90,58380;-1,00000;10,04280;1,55180;6,58950;1,50300;7,83790;9,37770;17502,08000;3,91700;90,37800;1343,56000;23,98140;4,95240;1,67270;58,43300;1,60270;37,99500;17,24410
2021-04-27;1,00000;1,20880;130,88000;1,95580;-1,00000;25,89500;7,43600;-1,00000;0,86895;362,77000;-1,00000;-1,00000;-1,00000;4,56440;-1,00000;4,92530;10,14030;-1,00000;-1,00000;1,10380;150,00000;10,00730;7,56000;90,55500;-1,00000;9,91890;1,55330;6,57230;1,49850;7,83730;9,38250;17539,51000;3,91740;90,15200;1343,47000;24,08290;4,95310;1,67240;58,51700;1,60240;37,92000;17,33830
2021-04-28;1,00000;1,20700;131,47000;1,95580;-1,00000;25,96000;7,43600;-1,00000;0,86988;361,75000;-1,00000;-1,00000;-1,00000;4,58590;-1,00000;4,92880;10,11100;-1,00000;-1,00000;1,10440;148,80000;9,97950;7,55930;90,02200;-1,00000;9,86770;1,55760;6,56200;1,49550;7,82680;9,36960;17501,50000;3,92640;89,88900;1344,95000;24,17240;4,95230;1,67110;58,54700;1,60100;37,85200;17,31560
2021-04-29;1,00000;1,21290;132,20000;1,95580;-1,00000;25,81700;7,43600;-1,00000;0,86910;360,39000;-1,00000;-1,00000;-1,00000;4,56540;-1,00000;4,92270;10,11230;-1,00000;-1,00000;1,10200;148,40000;9,91450;7,55500;90,05380;-1,00000;9,96940;1,55540;6,49840;1,49020;7,84630;9,41560;17486,41000;3,93730;89,85450;1343,39000;24,23550;4,97700;1,67030;58,64100;1,60760;37,84200;17,27520
2021-04-30;1,00000;1,20820;131,62000;1,95580;-1,00000;25,88300;7,43600;-1,00000;0,86863;359,86000;-1,00000;-1,00000;-1,00000;4,56350;-1,00000;4,92850;10,16400;-1,00000;-1,00000;1,09980;149,60000;9,95330;7,54650;90,71080;-1,00000;9,97770;1,55810;6,45970;1,48340;7,81340;9,38160;17424,24000;3,91990;89,47950;1346,24000;24,23450;4,94820;1,67380;58,28600;1,60450;37,64800;17,38750
2021-05-03;1,00000;1,20440;131,90000;1,95580;-1,00000;25,77300;7,43650;-1,00000;0,86838;359,94000;-1,00000;-1,00000;-1,00000;4,55180;-1,00000;4,92690;10,18030;-1,00000;-1,00000;1,10160;151,00000;10,01600;7,54330;90,74720;-1,00000;10,00870;1,55730;6,55070;1,48070;7,79670;9,35540;17374,55000;3,90530;88,99600;1351,95000;24,40710;4,94320;1,67860;58,08100;1,60440;37,56500;17,39530
2021-05-04;1,00000;1,20210;131,26000;1,95580;-1,00000;25,84100;7,43610;-1,00000;0,86770;360,31000;-1,00000;-1,00000;-1,00000;4,55840;-1,00000;4,92750;10,16730;-1,00000;-1,00000;1,09800;148,80000;10,01230;7,54080;90,24380;-1,00000;10,01100;1,56080;6,57850;1,48360;7,81360;9,33740;17395,47000;3,90970;88,81400;1353,56000;24,40400;4,95630;1,68870;57,78700;1,60730;37,47500;17,44330
2021-05-05;1,00000;1,20050;131,20000;1,95580;-1,00000;25,82500;7,43600;-1,00000;0,86274;359,65000;-1,00000;-1,00000;-1,00000;4,57780;-1,00000;4,92710;10,19450;-1,00000;-1,00000;1,09650;150,80000;9,98480;7,53150;89,79640;-1,00000;10,01740;1,55100;6,51740;1,47310;7,76360;9,32670;17313,31000;3,92120;88,69250;1350,98000;24,26750;4,94310;1,66830;57,65800;1,60350;37,36600;17,30130
2021-05-06;1,00000;1,20600;131,69000;1,95580;-1,00000;25,84700;7,43600;-1,00000;0,86708;358,18000;-1,00000;-1,00000;-1,00000;4,58680;-1,00000;4,92640;10,19400;-1,00000;-1,00000;1,09530;150,90000;10,05580;7,53350;89,88250;-1,00000;10,04900;1,55470;6,47070;1,47640;7,80540;9,36850;17246,34000;3,93120;88,94050;1352,78000;24,41950;4,97110;1,67150;57,84500;1,60960;37,71200;17,20810
2021-05-07;1,00000;1,20590;131,76000;1,95580;-1,00000;25,68200;7,43610;-1,00000;0,86810;358,01000;-1,00000;-1,00000;-1,00000;4,57540;-1,00000;4,92650;10,12630;-1,00000;-1,00000;1,09630;150,50000;10,01250;7,53450;89,46710;-1,00000;10,00190;1,55230;6,38010;1,46890;7,78090;9,36610;17208,37000;3,94380;88,63750;1350,52000;24,20060;4,95870;1,67300;57,74700;1,60610;37,58800;17,18630
2021-05-10;1,00000;1,21690;132,31000;1,95580;-1,00000;25,59100;7,43610;-1,00000;0,86195;357,26000;-1,00000;-1,00000;-1,00000;4,56310;-1,00000;4,92480;10,12350;-1,00000;-1,00000;1,09390;150,90000;10,00080;7,54150;90,01540;-1,00000;10,04950;1,54330;6,38480;1,47430;7,80450;9,45040;17189,26000;3,95370;89,25850;1353,14000;24,24640;4,99840;1,66730;58,24700;1,61100;37,80900;17,08430
2021-05-11;1,00000;1,21700;132,12000;1,95580;-1,00000;25,57100;7,43600;-1,00000;0,86013;358,34000;-1,00000;-1,00000;-1,00000;4,55220;-1,00000;4,92700;10,11300;-1,00000;-1,00000;1,09760;150,90000;10,03200;7,53870;89,99470;-1,00000;10,08110;1,55090;6,35760;1,47290;7,81770;9,45270;17254,20000;3,99580;89,28900;1361,23000;24,13640;5,01220;1,67180;58,23000;1,61250;37,84900;16,98470
2021-05-12;1,00000;1,21180;131,82000;1,95580;-1,00000;25,52200;7,43600;-1,00000;0,85798;357,40000;-1,00000;-1,00000;-1,00000;4,54380;-1,00000;4,92630;10,10600;-1,00000;-1,00000;1,09660;150,70000;10,02630;7,52760;89,89630;-1,00000;10,11200;1,55260;6,34900;1,46430;7,80510;9,41150;17284,09000;3,97320;88,96300;1362,98000;24,17830;4,99930;1,67530;57,92400;1,61030;37,83200;16,93540
2021-05-13;1,00000;1,20810;132,37000;1,95580;-1,00000;25,57500;7,43650;-1,00000;0,86063;357,13000;-1,00000;-1,00000;-1,00000;4,54670;-1,00000;4,92730;10,17200;-1,00000;-1,00000;1,09600;150,50000;10,12700;7,52750;89,72440;-1,00000;10,26530;1,56730;6,40270;1,46650;7,79690;9,38410;17317,81000;3,97740;88,85950;1368,03000;24,33530;4,98350;1,68850;57,90300;1,61200;37,87400;17,10550
2021-05-14;1,00000;1,21230;132,49000;1,95580;-1,00000;25,49200;7,43620;-1,00000;0,86083;355,52000;-1,00000;-1,00000;-1,00000;4,52180;-1,00000;4,92590;10,12650;-1,00000;-1,00000;1,09520;150,90000;10,00740;7,51900;89,62160;-1,00000;10,21740;1,56340;6,39420;1,47000;7,80240;9,41510;17331,95000;3,97570;88,80700;1368,07000;24,02320;5,00130;1,67710;57,86700;1,61610;38,01200;17,07220
2021-05-17;1,00000;1,21430;132,60000;1,95580;-1,00000;25,49800;7,43630;-1,00000;0,86215;352,90000;-1,00000;-1,00000;-1,00000;4,54280;-1,00000;4,92590;10,15520;-1,00000;-1,00000;1,09500;151,10000;10,06650;7,51640;89,94930;-1,00000;10,16600;1,56830;6,43650;1,47200;7,82260;9,43180;17422,72000;3,98880;89,02820;1382,18000;24,16770;5,01600;1,68790;58,20100;1,62300;38,21400;17,20640
2021-05-18;1,00000;1,22220;133,09000;1,95580;-1,00000;25,42700;7,43630;-1,00000;0,85998;350,50000;-1,00000;-1,00000;-1,00000;4,52430;-1,00000;4,92730;10,13630;-1,00000;-1,00000;1,09630;150,30000;10,01250;7,52050;90,03750;-1,00000;10,18850;1,56520;6,40850;1,46930;7,85010;9,49120;17443,85000;4,00080;89,23100;1378,11000;24,12110;5,04340;1,68210;58,51500;1,62450;38,40200;17,08370
2021-05-19;1,00000;1,22120;133,30000;1,95580;-1,00000;25,44500;7,43600;-1,00000;0,86233;350,85000;-1,00000;-1,00000;-1,00000;4,51880;-1,00000;4,92780;10,16330;-1,00000;-1,00000;1,10080;149,90000;10,10580;7,51000;90,01350;-1,00000;10,29100;1,57650;6,45200;1,47470;7,85940;9,48190;17552,00000;3,98380;89,32900;1379,90000;24,29540;5,05330;1,69810;58,43100;1,62650;38,38800;17,14470
2021-05-20;1,00000;1,22030;132,95000;1,95580;-1,00000;25,51900;7,43640;-1,00000;0,86400;350,60000;-1,00000;-1,00000;-1,00000;4,51530;-1,00000;4,92780;10,18130;-1,00000;-1,00000;1,09910;149,30000;10,17750;7,50950;89,82630;-1,00000;10,21140;1,57360;6,45670;1,47780;7,85630;9,47260;17589,83000;3,98490;89,16300;1379,90000;24,28250;5,05940;1,69860;58,41000;1,62610;38,30500;17,16390
2021-05-21;1,00000;1,21880;132,61000;1,95580;-1,00000;25,45200;7,43620;-1,00000;0,85870;349,11000;-1,00000;-1,00000;-1,00000;4,48920;-1,00000;4,92680;10,12200;-1,00000;-1,00000;1,09510;147,90000;10,14200;7,51020;89,47410;-1,00000;10,21510;1,56980;6,46280;1,46800;7,83930;9,46390;17495,87000;3,96580;88,80200;1373,05000;24,27410;5,04710;1,69140;58,39100;1,62180;38,23400;16,98800
2021-05-24;1,00000;1,22120;132,97000;1,95580;-1,00000;25,42400;7,43640;-1,00000;0,86408;347,47000;-1,00000;-1,00000;-1,00000;4,48500;-1,00000;4,92550;10,16700;-1,00000;-1,00000;1,09570;150,98000;10,20900;7,50430;90,05190;-1,00000;10,24270;1,58040;6,52990;1,47310;7,84870;9,48330;17530,33000;3,97910;89,05170;1375,43000;24,36830;5,06310;1,69970;58,73100;1,62360;38,29700;17,06220
2021-05-25;1,00000;1,22640;133,49000;1,95580;-1,00000;25,44700;7,43600;-1,00000;0,86573;348,86000;-1,00000;-1,00000;-1,00000;4,48390;-1,00000;4,92500;10,13380;-1,00000;-1,00000;1,09770;148,30000;10,19650;7,51200;90,05340;-1,00000;10,31760;1,57850;6,49700;1,47580;7,85600;9,51970;17575,54000;3,97330;89,23600;1375,57000;24,31830;5,08090;1,69180;59,03300;1,62550;38,44800;16,95910
2021-05-26;1,00000;1,22290;133,16000;1,95580;-1,00000;25,45100;7,43600;-1,00000;0,86330;350,56000;-1,00000;-1,00000;-1,00000;4,49710;-1,00000;4,91800;10,15030;-1,00000;-1,00000;1,09580;148,30000;10,17800;7,51250;90,06020;-1,00000;10,33250;1,57320;6,50060;1,47840;7,81490;9,49220;17473,28000;3,97430;88,97100;1366,00000;24,29950;5,06590;1,67370;58,88100;1,61890;38,20300;16,92820
2021-05-27;1,00000;1,21980;133,42000;1,95580;-1,00000;25,43900;7,43630;-1,00000;0,86068;348,54000;-1,00000;-1,00000;-1,00000;4,48370;-1,00000;4,91610;10,12980;-1,00000;-1,00000;1,09670;146,70000;10,19530;7,51700;89,53600;-1,00000;10,29860;1,57530;6,46830;1,47460;7,78080;9,46800;17449,52000;3,96190;88,56300;1362,64000;24,25560;5,05000;1,67200;58,57500;1,61460;38,18000;16,76470
2021-05-28;1,00000;1,21420;133,65000;1,95580;-1,00000;25,45100;7,43660;-1,00000;0,85765;347,85000;-1,00000;-1,00000;-1,00000;4,48650;-1,00000;4,91960;10,12500;-1,00000;-1,00000;1,09600;146,50000;10,17900;7,51800;89,42030;-1,00000;10,43980;1,57960;6,38440;1,47110;7,74220;9,42460;17404,54000;3,94820;88,08600;1355,86000;24,31910;5,01890;1,68110;58,07500;1,61020;38,00400;16,79450
2021-05-31;1,00000;1,22010;133,79000;1,95580;-1,00000;25,45400;7,43650;-1,00000;0,86013;347,61000;-1,00000;-1,00000;-1,00000;4,48560;-1,00000;4,91950;10,12100;-1,00000;-1,00000;1,09820;147,60000;10,21830;7,50620;89,53500;-1,00000;10,37280;1,57750;6,38680;1,47270;7,77220;9,46900;17402,96000;3,96080;88,54140;1352,04000;24,31310;5,03230;1,67990;58,13800;1,61300;38,06700;16,79740
2021-06-01;1,00000;1,22250;134,05000;1,95580;-1,00000;25,46200;7,43660;-1,00000;0,86285;346,46000;-1,00000;-1,00000;-1,00000;4,46610;-1,00000;4,91910;10,09550;-1,00000;-1,00000;1,09860;147,50000;10,11130;7,50850;89,91130;-1,00000;10,41620;1,57930;6,35960;1,47080;7,80430;9,48530;17426,60000;3,96280;89,11550;1355,39000;24,32790;5,04460;1,68370;58,40600;1,61690;38,10500;16,82850
2021-06-02;1,00000;1,21860;133,72000;1,95580;-1,00000;25,46500;7,43650;-1,00000;0,86125;346,06000;-1,00000;-1,00000;-1,00000;4,46530;-1,00000;4,92080;10,08980;-1,00000;-1,00000;1,09820;146,10000;10,13930;7,50430;89,51380;-1,00000;10,46410;1,57560;6,28910;1,47050;7,78120;9,45550;17391,63000;3,96490;89,08300;1356,11000;24,32070;5,02670;1,68430;58,31200;1,61290;37,95900;16,72690
2021-06-03;1,00000;1,21870;133,81000;1,95580;-1,00000;25,44800;7,43650;-1,00000;0,85955;345,82000;-1,00000;-1,00000;-1,00000;4,45200;-1,00000;4,92200;10,11450;-1,00000;-1,00000;1,09610;146,30000;10,15010;7,50130;89,21630;-1,00000;10,56500;1,57920;6,18940;1,47100;7,79100;9,45510;17420,91000;3,95980;88,87550;1357,75000;24,33000;5,02410;1,69150;58,20800;1,61410;37,93800;16,52180
2021-06-04;1,00000;1,21170;133,39000;1,95580;-1,00000;25,45100;7,43680;-1,00000;0,85690;346,56000;-1,00000;-1,00000;-1,00000;4,47030;-1,00000;4,92300;10,10500;-1,00000;-1,00000;1,09510;147,10000;10,15600;7,50350;88,69040;-1,00000;10,51830;1,58040;6,18740;1,46800;7,76670;9,40000;17358,97000;3,94600;88,46020;1352,93000;24,44150;5,00190;1,69360;57,87400;1,60940;37,86600;16,54240
2021-06-07;1,00000;1,21620;132,98000;1,95580;-1,00000;25,40000;7,43690;-1,00000;0,85825;345,91000;-1,00000;-1,00000;-1,00000;4,46620;-1,00000;4,92340;10,05520;-1,00000;-1,00000;1,09340;146,70000;10,04830;7,50050;88,60230;-1,00000;10,49020;1,56780;6,13890;1,46810;7,77950;9,43550;17325,10000;3,95220;88,53050;1351,23000;24,04500;5,02050;1,68320;57,93000;1,60930;37,93300;16,39230
2021-06-08;1,00000;1,21820;133,28000;1,95580;-1,00000;25,39400;7,43640;-1,00000;0,86100;347,86000;-1,00000;-1,00000;-1,00000;4,46980;-1,00000;4,92380;10,07550;-1,00000;-1,00000;1,09140;146,90000;10,04800;7,49750;88,28240;-1,00000;10,46660;1,57180;6,13000;1,47060;7,79380;9,45260;17358,22000;3,95060;88,77800;1358,73000;24,06990;5,01960;1,68850;58,09700;1,61200;37,99600;16,45930
2021-06-09;1,00000;1,21950;133,38000;1,95580;-1,00000;25,37700;7,43660;-1,00000;0,86053;347,19000;-1,00000;-1,00000;-1,00000;4,45600;-1,00000;4,92480;10,05950;-1,00000;-1,00000;1,09130;146,90000;10,05180;7,50250;87,94910;-1,00000;10,46510;1,57310;6,13450;1,47290;7,78790;9,46150;17375,74000;3,95540;88,96000;1359,90000;23,93900;5,02130;1,69250;58,24100;1,61330;38,00000;16,53030
2021-06-10;1,00000;1,21740;133,35000;1,95580;-1,00000;25,39100;7,43640;-1,00000;0,86293;346,14000;-1,00000;-1,00000;-1,00000;4,48180;-1,00000;4,92230;10,07150;-1,00000;-1,00000;1,09090;146,80000;10,11180;7,49850;87,86660;-1,00000;10,32840;1,57310;6,14320;1,47390;7,78280;9,44670;17375,34000;3,94660;88,97320;1358,76000;23,99050;5,01630;1,69320;58,12900;1,61290;37,94700;16,60910
2021-06-11;1,00000;1,21250;132,88000;1,95580;-1,00000;25,33500;7,43610;-1,00000;0,85710;346,24000;-1,00000;-1,00000;-1,00000;4,46950;-1,00000;4,91830;10,06430;-1,00000;-1,00000;1,08830;147,20000;10,08280;7,49150;86,96200;-1,00000;10,19690;1,56870;6,15800;1,46870;7,75190;9,40890;17215,96000;3,93810;88,67140;1351,09000;23,90030;4,98100;1,69310;57,87600;1,60600;37,66600;16,47820
2021-06-14;1,00000;1,21120;132,95000;1,95580;-1,00000;25,42200;7,43610;-1,00000;0,85898;351,14000;-1,00000;-1,00000;-1,00000;4,51520;-1,00000;4,92030;10,09440;-1,00000;-1,00000;1,08890;147,20000;10,08280;7,48900;87,50400;-1,00000;10,13800;1,56960;6,18460;1,47370;7,75010;9,40080;17267,62000;3,93030;88,70150;1355,07000;24,11790;4,98410;1,69590;57,96900;1,60700;37,71700;16,71590
2021-06-15;1,00000;1,21080;133,28000;1,95580;-1,00000;25,45000;7,43620;-1,00000;0,86150;352,08000;-1,00000;-1,00000;-1,00000;4,52350;-1,00000;4,92430;10,08580;-1,00000;-1,00000;1,08990;147,20000;10,08230;7,48830;87,23500;-1,00000;10,35860;1,57420;6,13940;1,47580;7,75020;9,39910;17254,07000;3,92730;88,80310;1354,10000;24,19780;4,98490;1,69870;58,20300;1,60630;37,71600;16,68000
2021-06-16;1,00000;1,21240;133,19000;1,95580;-1,00000;25,47200;7,43660;-1,00000;0,85830;351,67000;-1,00000;-1,00000;-1,00000;4,51660;-1,00000;4,92360;10,12830;-1,00000;-1,00000;1,08960;147,00000;10,12080;7,49800;87,23540;-1,00000;10,36130;1,57190;6,10630;1,47640;7,75820;9,41070;17270,58000;3,92690;88,87950;1356,23000;24,19960;4,99210;1,69500;58,27400;1,60730;37,76600;16,66040
2021-06-17;1,00000;1,19370;132,09000;1,95580;-1,00000;25,51000;7,43690;-1,00000;0,85525;354,30000;-1,00000;-1,00000;-1,00000;4,53750;-1,00000;4,92430;10,19050;-1,00000;-1,00000;1,09250;146,80000;10,19730;7,49500;86,41880;-1,00000;10,31030;1,57630;6,02860;1,47180;7,68770;9,26940;17266,58000;3,89290;88,48100;1354,06000;24,44060;4,94190;1,70250;57,84200;1,60000;37,48200;16,80570
2021-06-18;1,00000;1,18980;131,12000;1,95580;-1,00000;25,51900;7,43640;-1,00000;0,85785;355,41000;-1,00000;-1,00000;-1,00000;4,54920;-1,00000;4,92490;10,23300;-1,00000;-1,00000;1,09410;146,40000;10,28680;7,49850;86,01720;-1,00000;10,34590;1,58320;5,95750;1,47210;7,66190;9,23790;17174,78000;3,89010;88,02970;1347,13000;24,33730;4,92460;1,70690;57,61600;1,59780;37,41900;16,82230
2021-06-21;1,00000;1,18910;130,91000;1,95580;-1,00000;25,56900;7,43640;-1,00000;0,85670;354,11000;-1,00000;-1,00000;-1,00000;4,53290;-1,00000;4,92370;10,21630;-1,00000;-1,00000;1,09540;147,04000;10,26730;7,49950;87,12650;-1,00000;10,44830;1,58210;6,01920;1,47580;7,69160;9,23260;17175,29000;3,88490;88,18600;1349,19000;24,49320;4,93180;1,70570;57,97300;1,59890;37,59300;16,94530
2021-06-22;1,00000;1,18940;131,50000;1,95580;-1,00000;25,53300;7,43600;-1,00000;0,85560;355,16000;-1,00000;-1,00000;-1,00000;4,53280;-1,00000;4,92550;10,15700;-1,00000;-1,00000;1,09430;146,60000;10,21980;7,49850;87,05500;-1,00000;10,33950;1,58180;5,96820;1,47260;7,70140;9,23650;17196,34000;3,87930;88,37350;1350,72000;24,48120;4,94970;1,70110;57,89200;1,60090;37,72800;17,04310
2021-06-23;1,00000;1,19510;132,44000;1,95580;-1,00000;25,40800;7,43620;-1,00000;0,85435;349,34000;-1,00000;-1,00000;-1,00000;4,52270;-1,00000;4,92630;10,12880;-1,00000;-1,00000;1,09630;146,40000;10,17250;7,50090;86,69750;-1,00000;10,33340;1,57620;5,92030;1,46670;7,73930;9,28070;17265,33000;3,89030;88,64760;1357,96000;24,22650;4,97340;1,69450;58,21800;1,60640;37,98600;16,93870
2021-06-24;1,00000;1,19360;132,20000;1,95580;-1,00000;25,42300;7,43620;-1,00000;0,85883;350,52000;-1,00000;-1,00000;-1,00000;4,52450;-1,00000;4,92450;10,11330;-1,00000;-1,00000;1,09670;146,20000;10,17400;7,49930;86,26380;-1,00000;10,38020;1,57560;5,90410;1,46780;7,71930;9,26750;17249,38000;3,87910;88,50200;1351,07000;23,96780;4,96540;1,69030;58,05100;1,60390;38,01600;17,00280
2021-06-25;1,00000;1,19500;132,27000;1,95580;-1,00000;25,48700;7,43630;-1,00000;0,85950;351,88000;-1,00000;-1,00000;-1,00000;4,51320;-1,00000;4,92630;10,11030;-1,00000;-1,00000;1,09560;147,10000;10,13600;7,49750;86,18800;-1,00000;10,38870;1,57260;5,86350;1,46960;7,71390;9,27510;17245,40000;3,88110;88,68240;1346,35000;23,67660;4,96640;1,68810;57,96000;1,60350;38,01300;16,83590
2021-06-28;1,00000;1,19100;132,13000;1,95580;-1,00000;25,49900;7,43690;-1,00000;0,85710;351,98000;-1,00000;-1,00000;-1,00000;4,50700;-1,00000;4,92680;10,12680;-1,00000;-1,00000;1,09690;147,30000;10,17630;7,49640;86,05940;-1,00000;10,41300;1,57530;5,91590;1,46870;7,69220;9,24590;17274,78000;3,88340;88,49400;1347,92000;23,65270;4,93790;1,69260;57,97800;1,60140;38,08200;16,98460
2021-06-29;1,00000;1,18880;131,54000;1,95580;-1,00000;25,47700;7,43630;-1,00000;0,85948;351,11000;-1,00000;-1,00000;-1,00000;4,51930;-1,00000;4,92750;10,15100;-1,00000;-1,00000;1,09650;147,30000;10,18930;7,49600;86,46620;-1,00000;10,36100;1,58110;5,88260;1,47060;7,68140;9,22970;17339,93000;3,87600;88,30500;1341,25000;23,61080;4,93530;1,70000;57,76500;1,59850;38,16600;17,05200
2021-06-30;1,00000;1,18840;131,43000;1,95580;-1,00000;25,48800;7,43620;-1,00000;0,85805;351,68000;-1,00000;-1,00000;-1,00000;4,52010;-1,00000;4,92800;10,11100;-1,00000;-1,00000;1,09800;146,50000;10,17170;7,49130;86,77250;-1,00000;10,32100;1,58530;5,90500;1,47220;7,67420;9,22930;17280,30000;3,87630;88,32400;1341,41000;23,57840;4,93360;1,70260;58,06300;1,59760;38,11800;17,01140
2021-07-01;1,00000;1,18840;132,42000;1,95580;-1,00000;25,50700;7,43600;-1,00000;0,86033;351,86000;-1,00000;-1,00000;-1,00000;4,51640;-1,00000;4,92750;10,17380;-1,00000;-1,00000;1,09850;146,70000;10,21050;7,48930;86,60850;-1,00000;10,33070;1,58360;5,89550;1,46980;7,68420;9,22730;17259,71000;3,87480;88,55900;1345,86000;23,72700;4,94260;1,69650;58,49300;1,59890;38,08800;16,97440
2021-07-02;1,00000;1,18230;131,74000;1,95580;-1,00000;25,60600;7,43600;-1,00000;0,86003;352,10000;-1,00000;-1,00000;-1,00000;4,52640;-1,00000;4,92830;10,15830;-1,00000;-1,00000;1,09450;147,30000;10,23750;7,48870;87,12000;-1,00000;10,27800;1,58360;5,94210;1,46770;7,65940;9,18380;17191,94000;3,87080;88,30550;1343,49000;23,59360;4,92250;1,69880;58,42300;1,59690;38,05200;17,07870
2021-07-05;1,00000;1,18660;131,58000;1,95580;-1,00000;25,58600;7,43600;-1,00000;0,85665;351,53000;-1,00000;-1,00000;-1,00000;4,50590;-1,00000;4,92610;10,14350;-1,00000;-1,00000;1,09350;147,10000;10,17780;7,48850;87,06000;-1,00000;10,28890;1,57600;6,00690;1,46690;7,66770;9,21820;17176,31000;3,87130;88,16050;1341,22000;23,52660;4,93150;1,69010;58,49100;1,59600;38,11400;16,88130
2021-07-06;1,00000;1,18380;130,99000;1,95580;-1,00000;25,61000;7,43610;-1,00000;0,85450;353,40000;-1,00000;-1,00000;-1,00000;4,49410;-1,00000;4,92640;10,14900;-1,00000;-1,00000;1,09300;147,10000;10,21500;7,48550;86,97260;-1,00000;10,25140;1,56330;6,02920;1,46400;7,65450;9,19420;17151,39000;3,86430;88,21260;1341,67000;23,45900;4,91930;1,67030;58,75300;1,59200;38,13000;16,82780
2021-07-07;1,00000;1,18310;130,86000;1,95580;-1,00000;25,68800;7,43610;-1,00000;0,85500;355,57000;-1,00000;-1,00000;-1,00000;4,51920;-1,00000;4,92680;10,18130;-1,00000;-1,00000;1,09170;146,30000;10,24750;7,48670;87,80090;-1,00000;10,25660;1,57110;6,12240;1,47080;7,64780;9,19000;17146,47000;3,86500;88,28250;1344,89000;23,57240;4,92410;1,67600;58,96000;1,59240;38,17300;16,86660
2021-07-08;1,00000;1,18380;129,91000;1,95580;-1,00000;25,89400;7,43660;-1,00000;0,86133;358,57000;-1,00000;-1,00000;-1,00000;4,55040;-1,00000;4,92720;10,19080;-1,00000;-1,00000;1,08510;146,30000;10,41380;7,49130;89,02660;-1,00000;10,29040;1,59570;6,24630;1,48930;7,68320;9,19670;17280,56000;3,88230;88,60730;1361,34000;23,79220;4,95010;1,70480;59,34700;1,60200;38,49700;17,05540
2021-07-09;1,00000;1,18580;130,46000;1,95580;-1,00000;25,79100;7,43670;-1,00000;0,85758;355,10000;-1,00000;-1,00000;-1,00000;4,54970;-1,00000;4,92860;10,18530;-1,00000;-1,00000;1,08520;146,30000;10,33550;7,49290;88,01630;-1,00000;10,27700;1,58680;6,23690;1,48170;7,68340;9,21170;17190,24000;3,89240;88,37100;1358,20000;23,58000;4,96910;1,69820;59,38400;1,60290;38,59800;16,87590
2021-07-12;1,00000;1,18520;130,55000;1,95580;-1,00000;25,72300;7,43750;-1,00000;0,85570;355,38000;-1,00000;-1,00000;-1,00000;4,55420;-1,00000;4,92800;10,20080;-1,00000;-1,00000;1,08520;146,30000;10,32800;7,49480;88,43890;-1,00000;10,23720;1,58880;6,24260;1,48130;7,67510;9,20520;17199,18000;3,89200;88,41100;1361,95000;23,60640;4,96780;1,70190;59,84700;1,60270;38,73200;17,14710
2021-07-13;1,00000;1,18440;130,55000;1,95580;-1,00000;25,64400;7,43800;-1,00000;0,85518;356,67000;-1,00000;-1,00000;-1,00000;4,56870;-1,00000;4,92760;10,18180;-1,00000;-1,00000;1,08570;146,50000;10,30850;7,49200;87,80290;-1,00000;10,17260;1,58400;6,13160;1,47820;7,65980;9,19700;17142,99000;3,88440;88,28790;1356,76000;23,55500;4,96500;1,69810;59,23900;1,60140;38,63500;17,27350
2021-07-14;1,00000;1,18120;130,30000;1,95580;-1,00000;25,64600;7,43760;-1,00000;0,85158;358,08000;-1,00000;-1,00000;-1,00000;4,57360;-1,00000;4,92870;10,20500;-1,00000;-1,00000;1,08400;146,30000;10,33200;7,49280;87,47890;-1,00000;10,14850;1,58170;6,05910;1,47320;7,62680;9,17420;17107,91000;3,86720;87,98850;1355,24000;23,57340;4,96160;1,68190;59,36500;1,59900;38,52500;17,29750
2021-07-15;1,00000;1,18090;129,93000;1,95580;-1,00000;25,58700;7,43750;-1,00000;0,85188;359,45000;-1,00000;-1,00000;-1,00000;4,57480;-1,00000;4,92900;10,23350;-1,00000;-1,00000;1,08280;146,10000;10,38030;7,49180;87,51760;-1,00000;10,10610;1,58760;6,00750;1,48080;7,63040;9,17260;17143,25000;3,85530;88,05100;1350,13000;23,53830;4,96270;1,68880;59,27200;1,59950;38,59800;17,20280
2021-07-16;1,00000;1,18020;130,03000;1,95580;-1,00000;25,53800;7,43810;-1,00000;0,85298;359,73000;-1,00000;-1,00000;-1,00000;4,58670;-1,00000;4,92850;10,24280;-1,00000;-1,00000;1,08530;145,90000;10,38780;7,49680;87,51860;-1,00000;10,05210;1,59070;6,01460;1,48560;7,63730;9,16840;17083,05000;3,87960;88,03100;1347,94000;23,45890;4,96810;1,68360;59,36400;1,59930;38,66900;16,98400
2021-07-19;1,00000;1,17660;128,96000;1,95580;-1,00000;25,60500;7,43770;-1,00000;0,85913;359,48000;-1,00000;-1,00000;-1,00000;4,58850;-1,00000;4,92680;10,25330;-1,00000;-1,00000;1,08400;146,10000;10,53800;7,50650;87,93170;-1,00000;10,11420;1,60430;6,08130;1,50280;7,63440;9,14190;17144,20000;3,87810;88,22600;1357,53000;23,58650;4,97170;1,69860;59,86500;1,60450;38,66300;17,07410
2021-07-20;1,00000;1,17750;129,03000;1,95580;-1,00000;25,64200;7,43810;-1,00000;0,86545;359,45000;-1,00000;-1,00000;-1,00000;4,59540;-1,00000;4,92550;10,25350;-1,00000;-1,00000;1,08380;146,90000;10,61700;7,52100;87,67750;-1,00000;10,06640;1,60820;6,16330;1,50230;7,63050;9,15290;17143,51000;3,88100;87,92100;1352,39000;23,59900;4,97430;1,70490;60,00500;1,61060;38,63400;17,13490
2021-07-21;1,00000;1,17720;129,63000;1,95580;-1,00000;25,69500;7,43850;-1,00000;0,86363;360,20000;-1,00000;-1,00000;-1,00000;4,59870;-1,00000;4,92550;10,24480;-1,00000;-1,00000;1,08480;148,00000;10,58080;7,52760;87,52090;-1,00000;10,10630;1,60890;6,17320;1,49320;7,62010;9,15180;17119,80000;3,87550;87,78950;1359,56000;23,77400;4,98250;1,70040;59,39600;1,61040;38,69500;17,28110
2021-07-22;1,00000;1,17750;129,83000;1,95580;-1,00000;25,63900;7,43820;-1,00000;0,85563;357,87000;-1,00000;-1,00000;-1,00000;4,56610;-1,00000;4,92270;10,22450;-1,00000;-1,00000;1,08290;148,20000;10,37950;7,53200;86,95220;-1,00000;10,07170;1,59590;6,10290;1,47790;7,61530;9,15060;17063,23000;3,85240;87,66150;1352,59000;23,72900;4,97260;1,69060;58,92100;1,60200;38,70400;17,14490
2021-07-23;1,00000;1,17670;130,11000;1,95580;-1,00000;25,65000;7,43820;-1,00000;0,85543;359,13000;-1,00000;-1,00000;-1,00000;4,56910;-1,00000;4,92270;10,21050;-1,00000;-1,00000;1,08380;149,00000;10,40650;7,53530;86,62540;-1,00000;10,05730;1,59440;6,10090;1,47880;7,62240;9,14200;17050,24000;3,85100;87,59050;1354,19000;23,62370;4,97330;1,68460;59,12000;1,59970;38,74300;17,38820
2021-07-26;1,00000;1,17870;130,05000;1,95580;-1,00000;25,62900;7,43720;-1,00000;0,85468;361,65000;-1,00000;-1,00000;-1,00000;4,58880;-1,00000;4,92230;10,20500;-1,00000;-1,00000;1,08260;148,60000;10,42700;7,52450;87,17130;-1,00000;10,09730;1,60100;6,15460;1,48040;7,64260;9,16560;17084,23000;3,84870;87,73050;1360,69000;23,68260;4,98770;1,68890;59,34200;1,60320;38,83200;17,48460
2021-07-27;1,00000;1,18100;129,98000;1,95580;-1,00000;25,68500;7,43710;-1,00000;0,85503;359,43000;-1,00000;-1,00000;-1,00000;4,59060;-1,00000;4,91960;10,16500;-1,00000;-1,00000;1,08060;149,00000;10,44230;7,50640;87,01330;-1,00000;10,10700;1,60290;6,12880;1,48390;7,67990;9,19150;17109,52000;3,84110;87,91300;1360,75000;23,66870;4,99900;1,69560;59,55300;1,60590;38,92600;17,53320
2021-07-28;1,00000;1,18070;129,97000;1,95580;-1,00000;25,62500;7,43730;-1,00000;0,85095;359,72000;-1,00000;-1,00000;-1,00000;4,59650;-1,00000;4,92130;10,19630;-1,00000;-1,00000;1,08020;148,40000;10,48280;7,50660;86,76660;-1,00000;10,09730;1,60810;6,09310;1,48400;7,67220;9,18800;17117,84000;3,84920;87,83300;1362,99000;23,58230;5,00030;1,70130;59,46500;1,60570;38,78000;17,47920
2021-07-29;1,00000;1,18730;130,41000;1,95580;-1,00000;25,50600;7,43760;-1,00000;0,85080;358,08000;-1,00000;-1,00000;-1,00000;4,57820;-1,00000;4,92150;10,16750;-1,00000;-1,00000;1,07880;147,20000;10,39930;7,50850;87,00210;-1,00000;10,08510;1,60620;6,04190;1,48080;7,66910;9,22720;17172,66000;3,85210;88,16750;1360,07000;23,56550;5,03240;1,69860;59,72200;1,60720;39,00300;17,31170
2021-07-30;1,00000;1,18910;130,39000;1,95580;-1,00000;25,50100;7,43790;-1,00000;0,85140;357,20000;-1,00000;-1,00000;-1,00000;4,56360;-1,00000;4,92030;10,18680;-1,00000;-1,00000;1,07710;146,60000;10,44050;7,50030;86,71160;-1,00000;9,99850;1,61330;6,07160;1,47910;7,68380;9,24510;17184,46000;3,84030;88,39410;1368,74000;23,62770;5,01800;1,69900;59,47900;1,60900;39,09800;17,32830
2021-08-02;1,00000;1,18860;130,17000;1,95580;-1,00000;25,47600;7,43810;-1,00000;0,85568;356,01000;-1,00000;-1,00000;-1,00000;4,55620;-1,00000;4,91800;10,19100;-1,00000;-1,00000;1,07610;146,80000;10,45150;7,49630;86,41820;-1,00000;9,91810;1,61410;6,14590;1,48160;7,68070;9,23980;17089,57000;3,83210;88,39600;1367,67000;23,56050;5,02180;1,70410;59,21100;1,60690;39,15200;17,09930
2021-08-03;1,00000;1,18850;129,70000;1,95580;-1,00000;25,49000;7,43760;-1,00000;0,85355;354,59000;-1,00000;-1,00000;-1,00000;4,55620;-1,00000;4,91830;10,20450;-1,00000;-1,00000;1,07350;146,60000;10,43430;7,50050;86,70630;-1,00000;9,95760;1,60860;6,17910;1,48740;7,68180;9,24280;16995,64000;3,82110;88,21750;1364,59000;23,59390;5,01610;1,69530;58,94600;1,60560;39,24400;17,10010
2021-08-04;1,00000;1,18610;129,31000;1,95580;-1,00000;25,44000;7,43670;-1,00000;0,85153;354,24000;-1,00000;-1,00000;-1,00000;4,54380;-1,00000;4,91850;10,19700;-1,00000;-1,00000;1,07290;147,60000;10,45500;7,50090;86,51060;-1,00000;10,01150;1,60020;6,16100;1,48800;7,66380;9,22360;16965,65000;3,80350;87,95750;1355,44000;23,55760;5,00770;1,67840;58,98800;1,60000;39,27200;16,92110
2021-08-05;1,00000;1,18500;129,79000;1,95580;-1,00000;25,41500;7,43660;-1,00000;0,85060;353,95000;-1,00000;-1,00000;-1,00000;4,54800;-1,00000;4,91590;10,19830;-1,00000;-1,00000;1,07330;148,00000;10,44100;7,50080;86,57840;-1,00000;10,11550;1,59900;6,10640;1,48170;7,65550;9,21600;16993,36000;3,80350;87,82560;1353,34000;23,61120;4,99770;1,67590;59,66000;1,59960;39,38900;17,02320
2021-08-06;1,00000;1,18070;129,64000;1,95580;-1,00000;25,41300;7,43710;-1,00000;0,84840;352,72000;-1,00000;-1,00000;-1,00000;4,55630;-1,00000;4,91600;10,16830;-1,00000;-1,00000;1,07240;147,80000;10,42300;7,49780;86,41940;-1,00000;10,13850;1,59680;6,15940;1,47630;7,63790;9,18270;16934,12000;3,79670;87,49930;1349,15000;23,51780;4,98140;1,67370;59,64400;1,59520;39,35900;17,09830
2021-08-09;1,00000;1,17610;129,50000;1,95580;-1,00000;25,39100;7,43700;-1,00000;0,84745;353,87000;-1,00000;-1,00000;-1,00000;4,56450;-1,00000;4,91340;10,21750;-1,00000;-1,00000;1,07860;147,80000;10,48850;7,49950;86,37760;-1,00000;10,16790;1,60020;6,17350;1,47470;7,61900;9,15210;16916,78000;3,78510;87,31950;1345,82000;23,55260;4,97310;1,67630;59,27500;1,59430;39,32900;17,20750
2021-08-10;1,00000;1,17220;129,48000;1,95580;-1,00000;25,38200;7,43730;-1,00000;0,84568;352,86000;-1,00000;-1,00000;-1,00000;4,57550;-1,00000;4,91600;10,21450;-1,00000;-1,00000;1,08130;148,20000;10,46800;7,49850;86,32250;-1,00000;10,08130;1,59650;6,14710;1,47290;7,59750;9,12280;16863,01000;3,78250;87,19300;1349,76000;23,56290;4,95660;1,67580;59,00700;1,59200;39,22200;17,36050
2021-08-11;1,00000;1,17180;129,68000;1,95580;-1,00000;25,40500;7,43730;-1,00000;0,84698;354,84000;-1,00000;-1,00000;-1,00000;4,58580;-1,00000;4,91630;10,23050;-1,00000;-1,00000;1,08180;148,00000;10,45480;7,49550;86,84120;-1,00000;10,14670;1,59580;6,11130;1,46770;7,59960;9,11870;16881,52000;3,76940;87,16050;1357,41000;23,52910;4,96840;1,67040;59,12600;1,59240;39,06200;17,33260
2021-08-12;1,00000;1,17390;129,61000;1,95580;-1,00000;25,39300;7,43710;-1,00000;0,84743;353,25000;-1,00000;-1,00000;-1,00000;4,58760;-1,00000;4,91450;10,18830;-1,00000;-1,00000;1,08240;148,00000;10,37550;7,49880;86,28880;-1,00000;10,05530;1,59630;6,12630;1,46940;7,60360;9,13360;16844,57000;3,78170;87,10950;1365,19000;23,35700;4,96910;1,67160;59,23100;1,59330;38,76200;17,27800
2021-08-13;1,00000;1,17650;129,64000;1,95580;-1,00000;25,38600;7,43700;-1,00000;0,85093;353,03000;-1,00000;-1,00000;-1,00000;4,57400;-1,00000;4,91150;10,19930;-1,00000;-1,00000;1,08290;148,00000;10,37530;7,49830;86,22790;-1,00000;10,06480;1,60060;6,16110;1,47240;7,62370;9,15730;16901,56000;3,78370;87,37400;1369,96000;23,37550;4,98540;1,67760;59,54300;1,59670;39,21300;17,45610
2021-08-16;1,00000;1,17720;128,75000;1,95580;-1,00000;25,42700;7,43670;-1,00000;0,84873;351,89000;-1,00000;-1,00000;-1,00000;4,56530;-1,00000;4,91380;10,20080;-1,00000;-1,00000;1,07580;148,20000;10,40480;7,49460;86,45130;-1,00000;9,97170;1,60590;6,21430;1,47820;7,62430;9,16410;16920,96000;3,78710;87,36950;1374,09000;23,43190;4,98840;1,67540;59,76300;1,59670;39,37100;17,38520
2021-08-17;1,00000;1,17670;128,57000;1,95580;-1,00000;25,44100;7,43650;-1,00000;0,85323;351,15000;-1,00000;-1,00000;-1,00000;4,56050;-1,00000;4,92560;10,19480;-1,00000;-1,00000;1,07130;148,40000;10,39830;7,49100;86,37670;-1,00000;9,91130;1,61380;6,20650;1,48380;7,62440;9,17040;16932,04000;3,79910;87,43900;1381,91000;23,42660;4,98690;1,69830;59,34600;1,59930;39,20800;17,44160
2021-08-18;1,00000;1,17230;128,67000;1,95580;-1,00000;25,44700;7,43680;-1,00000;0,85183;350,52000;-1,00000;-1,00000;-1,00000;4,56340;-1,00000;4,92540;10,22330;-1,00000;-1,00000;1,07260;148,40000;10,42200;7,49530;86,34840;-1,00000;9,93800;1,61700;6,19130;1,47930;7,59760;9,12990;16872,12000;3,79000;87,04700;1371,95000;23,41780;4,96820;1,69800;59,15000;1,59420;39,02000;17,43560
2021-08-19;1,00000;1,16960;128,21000;1,95580;-1,00000;25,50100;7,43690;-1,00000;0,85523;350,98000;-1,00000;-1,00000;-1,00000;4,58320;-1,00000;4,92950;10,27980;-1,00000;-1,00000;1,07230;148,80000;10,54500;7,50280;86,71750;-1,00000;9,97310;1,63190;6,36620;1,49190;7,59010;9,11210;16922,07000;3,80240;86,99750;1375,34000;23,58520;4,95730;1,71010;59,08400;1,59420;38,99400;17,75040
2021-08-20;1,00000;1,16710;127,97000;1,95580;-1,00000;25,55900;7,43680;-1,00000;0,85750;350,92000;-1,00000;-1,00000;-1,00000;4,58950;-1,00000;4,93440;10,32630;-1,00000;-1,00000;1,07110;149,40000;10,60000;7,49900;86,92590;-1,00000;9,95710;1,63730;6,36220;1,50690;7,58540;9,09240;16887,06000;3,78750;86,80250;1380,66000;23,68480;4,94560;1,71080;58,76500;1,59070;38,94600;17,87500
2021-08-23;1,00000;1,17180;129,02000;1,95580;-1,00000;25,51400;7,43690;-1,00000;0,85635;350,13000;-1,00000;-1,00000;-1,00000;4,58680;-1,00000;4,92940;10,25730;-1,00000;-1,00000;1,07440;150,20000;10,48700;7,49580;86,85720;-1,00000;9,91500;1,63110;6,28260;1,49110;7,59900;9,13130;16870,30000;3,78570;86,91500;1372,54000;23,83340;4,95200;1,70630;58,80800;1,59240;39,09100;17,82180
2021-08-24;1,00000;1,17400;128,74000;1,95580;-1,00000;25,53300;7,43700;-1,00000;0,85578;349,69000;-1,00000;-1,00000;-1,00000;4,57920;-1,00000;4,92800;10,20900;-1,00000;-1,00000;1,07110;150,00000;10,40030;7,49380;86,74840;-1,00000;9,88360;1,62030;6,26810;1,48220;7,60420;9,14480;16897,00000;3,77890;87,06250;1369,00000;23,86060;4,95250;1,68930;58,78300;1,59180;38,59500;17,69020
2021-08-25;1,00000;1,17360;129,00000;1,95580;-1,00000;25,53100;7,43660;-1,00000;0,85590;348,76000;-1,00000;-1,00000;-1,00000;4,57790;-1,00000;4,92900;10,22480;-1,00000;-1,00000;1,07390;148,60000;10,38630;7,49250;86,62760;-1,00000;9,87870;1,61910;6,17070;1,48270;7,60310;9,13570;16943,59000;3,79250;87,15200;1370,17000;23,77980;4,93500;1,69000;58,49500;1,59010;38,46500;17,58010
2021-08-26;1,00000;1,17670;129,60000;1,95580;-1,00000;25,54600;7,43660;-1,00000;0,85718;349,18000;-1,00000;-1,00000;-1,00000;4,57790;-1,00000;4,93180;10,24130;-1,00000;-1,00000;1,07890;148,60000;10,36150;7,48850;87,07560;-1,00000;9,84500;1,62060;6,15060;1,48380;7,62850;9,16250;16996,28000;3,79320;87,23400;1373,36000;23,90010;4,93630;1,68820;58,80300;1,59200;38,52500;17,54200
2021-08-27;1,00000;1,17610;129,59000;1,95580;-1,00000;25,56300;7,43630;-1,00000;0,85703;350,87000;-1,00000;-1,00000;-1,00000;4,58270;-1,00000;4,93400;10,23450;-1,00000;-1,00000;1,07960;149,20000;10,35750;7,48860;87,05490;-1,00000;9,88090;1,62200;6,16920;1,49140;7,61950;9,16190;16968,95000;3,80070;86,70100;1375,78000;23,96860;4,92790;1,69270;58,75400;1,58880;38,40600;17,53560
2021-08-30;1,00000;1,18010;129,66000;1,95580;-1,00000;25,56600;7,43610;-1,00000;0,85748;348,30000;-1,00000;-1,00000;-1,00000;4,56780;-1,00000;4,93430;10,18130;-1,00000;-1,00000;1,07980;149,80000;10,23950;7,49350;86,71190;-1,00000;9,89090;1,61670;6,15290;1,48670;7,63470;9,18910;16916,81000;3,79980;86,50350;1375,03000;23,82730;4,90570;1,68440;58,78600;1,58810;38,27100;17,25780
2021-08-31;1,00000;1,18340;129,95000;1,95580;-1,00000;25,52300;7,43600;-1,00000;0,85875;348,80000;-1,00000;-1,00000;-1,00000;4,52960;-1,00000;4,93590;10,16250;-1,00000;-1,00000;1,07990;149,60000;10,26000;7,49000;86,76000;-1,00000;9,83100;1,61560;6,13860;1,48960;7,64650;9,20860;16879,69000;3,79510;86,38500;1370,03000;23,78640;4,91940;1,67600;58,76500;1,58970;38,12900;17,22820
2021-09-01;1,00000;1,18170;130,35000;1,95580;-1,00000;25,40600;7,43610;-1,00000;0,85863;348,03000;-1,00000;-1,00000;-1,00000;4,50780;-1,00000;4,93460;10,19610;-1,00000;-1,00000;1,08450;149,00000;10,26330;7,49000;86,33730;-1,00000;9,79850;1,60880;6,08860;1,48790;7,64210;9,19070;16872,69000;3,78460;86,34800;1369,25000;23,64840;4,90850;1,67760;59,16300;1,59160;38,20400;17,05320
2021-09-02;1,00000;1,18460;130,31000;1,95580;-1,00000;25,38200;7,43600;-1,00000;0,85915;347,85000;-1,00000;-1,00000;-1,00000;4,50690;-1,00000;4,93930;10,19390;-1,00000;-1,00000;1,08480;150,60000;10,29380;7,50100;86,23010;-1,00000;9,79420;1,60380;6,14290;1,49440;7,65030;9,20750;16874,01000;3,80290;86,52050;1372,66000;23,65290;4,92560;1,67020;59,03900;1,59210;38,44600;16,98820
2021-09-03;1,00000;1,18720;130,54000;1,95580;-1,00000;25,42200;7,43610;-1,00000;0,85840;348,40000;-1,00000;-1,00000;-1,00000;4,50880;-1,00000;4,94380;10,17080;-1,00000;-1,00000;1,08630;150,60000;10,27380;7,49730;86,38100;-1,00000;9,85740;1,59610;6,12790;1,48790;7,65550;9,22850;16934,44000;3,80230;86,70450;1374,06000;23,65030;4,92270;1,66540;59,20200;1,59410;38,62000;17,02850
2021-09-06;1,00000;1,18640;130,34000;1,95580;-1,00000;25,40100;7,43600;-1,00000;0,85710;347,03000;-1,00000;-1,00000;-1,00000;4,52080;-1,00000;4,94780;10,16580;-1,00000;-1,00000;1,08690;150,60000;10,27280;7,48700;86,55840;-1,00000;9,81990;1,59520;6,16380;1,48830;7,66110;9,22260;16876,96000;3,79740;86,71350;1372,45000;23,62120;4,92120;1,66120;59,26700;1,59260;38,51600;16,90750
2021-09-07;1,00000;1,18600;130,51000;1,95580;-1,00000;25,42300;7,43620;-1,00000;0,86115;348,59000;-1,00000;-1,00000;-1,00000;4,51800;-1,00000;4,95060;10,15150;-1,00000;-1,00000;1,08530;150,80000;10,29900;7,47900;86,92000;-1,00000;9,87350;1,60440;6,13230;1,49360;7,66700;9,21970;16911,96000;3,80180;87,13550;1380,15000;23,66590;4,92840;1,66670;59,56600;1,59560;38,64000;16,97740
2021-09-08;1,00000;1,18270;130,31000;1,95580;-1,00000;25,39400;7,43600;-1,00000;0,85873;350,14000;-1,00000;-1,00000;-1,00000;4,51780;-1,00000;4,94950;10,17400;-1,00000;-1,00000;1,08880;150,60000;10,26500;7,47900;86,62600;-1,00000;9,98910;1,60270;6,17180;1,49820;7,63760;9,19710;16871,10000;3,79360;87,01050;1377,95000;23,53140;4,91350;1,66330;59,28200;1,59090;38,71000;16,88390
2021-09-09;1,00000;1,18380;130,10000;1,95580;-1,00000;25,39800;7,43620;-1,00000;0,85555;350,88000;-1,00000;-1,00000;-1,00000;4,53350;-1,00000;4,94660;10,18630;-1,00000;-1,00000;1,08610;150,80000;10,26480;7,48590;86,27600;-1,00000;10,02720;1,60350;6,26700;1,50020;7,64020;9,20720;16858,46000;3,79260;87,07050;1382,73000;23,53630;4,91230;1,66170;59,08500;1,59010;38,68700;16,74580
2021-09-10;1,00000;1,18410;130,03000;1,95580;-1,00000;25,28800;7,43620;-1,00000;0,85260;349,88000;-1,00000;-1,00000;-1,00000;4,54170;-1,00000;4,94130;10,18430;-1,00000;-1,00000;1,08540;151,40000;10,20280;7,48610;86,10850;-1,00000;9,95580;1,59860;6,14360;1,49190;7,62280;9,20860;16812,55000;3,78710;86,94690;1380,55000;23,54040;4,89980;1,65540;59,04500;1,58470;38,65500;16,66270
2021-09-13;1,00000;1,17800;129,62000;1,95580;-1,00000;25,34800;7,43620;-1,00000;0,85120;349,58000;-1,00000;-1,00000;-1,00000;4,55180;-1,00000;4,94530;10,18530;-1,00000;-1,00000;1,08730;151,40000;10,18850;7,47750;85,88750;-1,00000;9,94680;1,60150;6,15630;1,49310;7,60590;9,16410;16787,94000;3,77950;86,84400;1383,74000;23,40100;4,88930;1,65750;58,81900;1,58210;38,76200;16,71030
2021-09-14;1,00000;1,18140;130,08000;1,95580;-1,00000;25,38900;7,43610;-1,00000;0,85260;350,05000;-1,00000;-1,00000;-1,00000;4,55420;-1,00000;4,94850;10,14530;-1,00000;-1,00000;1,08870;151,20000;10,17450;7,47600;86,10620;-1,00000;9,98480;1,61140;6,17880;1,49510;7,61680;9,18990;16857,27000;3,79680;87,03700;1382,66000;23,50670;4,91700;1,66250;58,86800;1,58700;38,92700;16,80970
2021-09-15;1,00000;1,18240;129,11000;1,95580;-1,00000;25,31800;7,43610;-1,00000;0,85510;348,86000;-1,00000;-1,00000;-1,00000;4,55010;-1,00000;4,94850;10,13600;-1,00000;-1,00000;1,08450;151,20000;10,14180;7,48380;85,97380;-1,00000;9,97690;1,61530;6,19790;1,50040;7,60690;9,20210;16826,33000;3,78810;86,86250;1380,77000;23,49270;4,91700;1,66660;58,74200;1,58600;38,86500;16,89730
2021-09-16;1,00000;1,17630;128,67000;1,95580;-1,00000;25,28100;7,43600;-1,00000;0,85025;350,19000;-1,00000;-1,00000;-1,00000;4,57630;-1,00000;4,94880;10,15180;-1,00000;-1,00000;1,08860;151,20000;10,12930;7,50410;85,23470;-1,00000;9,96630;1,60770;6,16110;1,48630;7,58490;9,15750;16766,34000;3,77420;86,47300;1380,44000;23,37280;4,89520;1,65480;58,71500;1,58050;38,91800;17,05440
2021-09-17;1,00000;1,17800;129,61000;1,95580;-1,00000;25,29600;7,43600;-1,00000;0,85363;351,49000;-1,00000;-1,00000;-1,00000;4,58040;-1,00000;4,94880;10,15530;-1,00000;-1,00000;1,09310;151,40000;10,12080;7,50920;85,43380;-1,00000;10,13230;1,61110;6,20390;1,49130;7,60440;9,16910;16762,90000;3,77520;86,53350;1386,26000;23,47220;4,91400;1,66580;58,81900;1,58510;39,14500;17,18910
2021-09-20;1,00000;1,17110;128,18000;1,95580;-1,00000;25,43200;7,43590;-1,00000;0,85705;353,97000;-1,00000;-1,00000;-1,00000;4,59970;-1,00000;4,94930;10,21730;-1,00000;-1,00000;1,08830;152,00000;10,24300;7,50550;86,07000;-1,00000;10,15120;1,62010;6,24950;1,50560;7,57260;9,11880;16742,86000;3,76350;86,27200;1393,32000;23,64190;4,90980;1,66940;58,84500;1,58390;39,06200;17,33010
2021-09-21;1,00000;1,17380;128,34000;1,95580;-1,00000;25,40000;7,43600;-1,00000;0,85855;354,63000;-1,00000;-1,00000;-1,00000;4,62610;-1,00000;4,94970;10,17630;-1,00000;-1,00000;1,08450;152,30000;10,18280;7,49750;85,98200;-1,00000;10,15860;1,62000;6,24830;1,49950;7,59450;9,13890;16708,12000;3,76640;86,48950;1388,85000;23,59120;4,91180;1,67070;58,82500;1,58660;39,20500;17,44270
2021-09-22;1,00000;1,17290;128,50000;1,95580;-1,00000;25,38000;7,43610;-1,00000;0,86000;355,28000;-1,00000;-1,00000;-1,00000;4,63250;-1,00000;4,95050;10,17580;-1,00000;-1,00000;1,08200;152,10000;10,12680;7,49350;85,38770;-1,00000;10,15230;1,61780;6,16360;1,49970;7,58500;9,13330;16694,77000;3,75920;86,62200;1387,87000;23,55330;4,91740;1,66960;58,99500;1,58550;39,22200;17,33680
2021-09-23;1,00000;1,17150;128,88000;1,95580;-1,00000;25,35200;7,43620;-1,00000;0,85495;356,15000;-1,00000;-1,00000;-1,00000;4,60770;-1,00000;4,95030;10,13980;-1,00000;-1,00000;1,08310;151,70000;10,08600;7,49450;85,23720;-1,00000;10,24600;1,61100;6,17880;1,48500;7,56430;9,12050;16671,56000;3,74910;86,36700;1374,73000;23,43030;4,89920;1,66220;58,87000;1,57980;38,96400;17,12600
2021-09-24;1,00000;1,17190;129,49000;1,95580;-1,00000;25,40800;7,43620;-1,00000;0,85703;356,99000;-1,00000;-1,00000;-1,00000;4,60470;-1,00000;4,95080;10,13800;-1,00000;-1,00000;1,08300;150,90000;10,08900;7,49550;85,51040;-1,00000;10,35900;1,61650;6,23320;1,48950;7,58030;9,12400;16747,11000;3,75000;86,47100;1382,54000;23,62800;4,90850;1,66870;59,59700;1,58650;39,20000;17,54530
2021-09-27;1,00000;1,16980;129,74000;1,95580;-1,00000;25,44300;7,43600;-1,00000;0,85420;358,13000;-1,00000;-1,00000;-1,00000;4,59550;-1,00000;4,94950;10,17380;-1,00000;-1,00000;1,08500;150,10000;10,06550;7,50280;84,99550;-1,00000;10,34710;1,61290;6,21870;1,48120;7,56090;9,10540;16673,16000;3,74270;86,40250;1382,04000;23,50430;4,89910;1,67110;59,88100;1,58400;39,27600;17,61790
2021-09-28;1,00000;1,16780;130,17000;1,95580;-1,00000;25,51700;7,43600;-1,00000;0,85950;359,39000;-1,00000;-1,00000;-1,00000;4,61760;-1,00000;4,94980;10,19330;-1,00000;-1,00000;1,08400;149,70000;10,10200;7,50130;84,74970;-1,00000;10,36850;1,61150;6,31220;1,47760;7,54330;9,08820;16697,39000;3,75050;86,55950;1385,41000;23,59090;4,88430;1,67810;59,62600;1,58460;39,46000;17,62990
2021-09-29;1,00000;1,16540;129,89000;1,95580;-1,00000;25,45700;7,43600;-1,00000;0,86443;359,60000;-1,00000;-1,00000;-1,00000;4,62600;-1,00000;4,94600;10,18300;-1,00000;-1,00000;1,08290;150,70000;10,14300;7,49750;84,68230;-1,00000;10,31680;1,61120;6,32180;1,47930;7,53470;9,07140;16670,71000;3,74250;86,46700;1381,20000;23,70820;4,87690;1,68260;59,20300;1,58220;39,49000;17,52100
2021-09-30;1,00000;1,15790;129,67000;1,95580;-1,00000;25,49500;7,43600;-1,00000;0,86053;360,19000;-1,00000;-1,00000;-1,00000;4,61970;-1,00000;4,94750;10,16830;-1,00000;-1,00000;1,08300;150,90000;10,16500;7,48890;84,33910;-1,00000;10,29810;1,60950;6,26310;1,47500;7,48470;9,01840;16572,03000;3,73630;86,07660;1371,58000;23,74390;4,84750;1,68580;59,06600;1,57600;39,23500;17,56290
2021-10-01;1,00000;1,16000;128,97000;1,95580;-1,00000;25,30900;7,43720;-1,00000;0,85653;358,16000;-1,00000;-1,00000;-1,00000;4,58260;-1,00000;4,94700;10,15380;-1,00000;-1,00000;1,07910;149,70000;10,02040;7,49800;84,71870;-1,00000;10,25830;1,59850;6,28160;1,46980;7,47810;9,03040;16563,71000;3,73530;85,97500;1371,32000;23,79550;4,84820;1,67510;58,75200;1,57330;39,02200;17,34490
2021-10-04;1,00000;1,16360;129,21000;1,95580;-1,00000;25,32000;7,43740;-1,00000;0,85530;355,90000;-1,00000;-1,00000;-1,00000;4,56850;-1,00000;4,94780;10,14350;-1,00000;-1,00000;1,07680;150,10000;9,97700;7,49300;84,71980;-1,00000;10,28160;1,59570;6,25790;1,46680;7,50130;9,05970;16575,85000;3,74560;86,40250;1372,50000;23,85120;4,85690;1,66870;59,06000;1,57770;39,24200;17,31660
2021-10-05;1,00000;1,16020;128,99000;1,95580;-1,00000;25,30800;7,43790;-1,00000;0,85173;356,90000;-1,00000;-1,00000;-1,00000;4,59980;-1,00000;4,94770;10,13100;-1,00000;-1,00000;1,07520;148,00000;9,91550;7,50500;84,15410;-1,00000;10,27070;1,59370;6,31060;1,46120;7,48050;9,03240;16506,62000;3,74770;86,48800;1376,12000;23,79040;4,84820;1,66500;58,89300;1,57430;39,20300;17,37920
2021-10-06;1,00000;1,15420;128,52000;1,95580;-1,00000;25,41500;7,43980;-1,00000;0,84970;359,43000;-1,00000;-1,00000;-1,00000;4,59250;-1,00000;4,94580;10,16280;-1,00000;-1,00000;1,07150;148,60000;9,92300;7,50800;83,62420;-1,00000;10,28020;1,59130;6,35840;1,45750;7,44070;8,98760;16487,75000;3,74520;86,43800;1379,91000;23,96410;4,82970;1,67280;58,80400;1,57120;39,11600;17,45610
2021-10-07;1,00000;1,15620;128,78000;1,95580;-1,00000;25,41500;7,43990;-1,00000;0,85023;358,16000;-1,00000;-1,00000;-1,00000;4,54580;-1,00000;4,94750;10,14530;-1,00000;-1,00000;1,07120;148,80000;9,93880;7,51500;83,17800;-1,00000;10,25940;1,58390;6,33800;1,45450;7,45360;9,00080;16406,70000;3,73530;86,40800;1375,87000;23,70320;4,83700;1,66760;58,30800;1,56970;39,05100;17,20740
2021-10-08;1,00000;1,15690;129,32000;1,95580;-1,00000;25,43400;7,44130;-1,00000;0,84890;360,19000;-1,00000;-1,00000;-1,00000;4,61820;-1,00000;4,94830;10,11380;-1,00000;-1,00000;1,07340;149,40000;9,88550;7,51880;83,23900;-1,00000;10,31100;1,58370;6,36380;1,44990;7,45910;9,00660;16430,43000;3,73740;86,74950;1381,80000;23,82950;4,83350;1,66860;58,43000;1,56810;39,16100;17,22590
2021-10-11;1,00000;1,15740;130,70000;1,95580;-1,00000;25,39900;7,44120;-1,00000;0,84878;360,70000;-1,00000;-1,00000;-1,00000;4,59130;-1,00000;4,94930;10,11630;-1,00000;-1,00000;1,07220;150,00000;9,88800;7,51550;82,96300;-1,00000;10,37260;1,57510;6,37190;1,44310;7,46440;9,00490;16444,42000;3,73580;87,33400;1383,43000;24,00510;4,82640;1,66800;58,92400;1,56650;39,19500;17,31080
2021-10-12;1,00000;1,15550;131,06000;1,95580;-1,00000;25,37600;7,44080;-1,00000;0,84755;359,91000;-1,00000;-1,00000;-1,00000;4,58050;-1,00000;4,94990;10,10780;-1,00000;-1,00000;1,07290;150,00000;9,86080;7,51550;83,01760;-1,00000;10,40440;1,56600;6,39770;1,43950;7,45220;8,99150;16396,85000;3,72750;87,27200;1383,40000;24,02320;4,81320;1,65910;58,71100;1,56640;38,50100;17,26500
2021-10-13;1,00000;1,15620;131,30000;1,95580;-1,00000;25,36900;7,44070;-1,00000;0,84898;360,20000;-1,00000;-1,00000;-1,00000;4,57720;-1,00000;4,94900;10,11950;-1,00000;-1,00000;1,07220;150,00000;9,85550;7,51800;83,02480;-1,00000;10,48330;1,57220;6,38140;1,43860;7,44820;8,99520;16438,27000;3,74080;87,10950;1378,13000;23,94970;4,80980;1,66470;58,56400;1,56460;38,47800;17,19400
2021-10-14;1,00000;1,16020;131,65000;1,95580;-1,00000;25,38700;7,44060;-1,00000;0,84618;359,00000;-1,00000;-1,00000;-1,00000;4,56930;-1,00000;4,95000;10,01380;-1,00000;-1,00000;1,06860;149,60000;9,79280;7,51270;83,12250;-1,00000;10,61040;1,56440;6,35280;1,43610;7,46830;9,02440;16353,05000;3,73720;87,33550;1375,51000;23,84580;4,81950;1,65060;58,77800;1,56420;38,52400;17,16200
2021-10-15;1,00000;1,16020;132,65000;1,95580;-1,00000;25,40300;7,44020;-1,00000;0,84368;359,71000;-1,00000;-1,00000;-1,00000;4,56440;-1,00000;4,94650;10,02880;-1,00000;-1,00000;1,07290;149,60000;9,76250;7,51050;82,63250;-1,00000;10,71320;1,56400;6,36350;1,43420;7,46630;9,02580;16292,60000;3,74090;86,96700;1371,21000;23,85420;4,82410;1,64450;58,90300;1,56370;38,66900;17,05040
2021-10-18;1,00000;1,16040;132,46000;1,95580;-1,00000;25,45300;7,44000;-1,00000;0,84438;361,35000;-1,00000;-1,00000;-1,00000;4,57870;-1,00000;4,94900;10,03750;-1,00000;-1,00000;1,07120;150,00000;9,76430;7,50850;82,71850;-1,00000;10,77400;1,57070;6,36510;1,43840;7,46170;9,02680;16371,79000;3,74020;87,40830;1377,90000;23,71770;4,84060;1,64360;59,02500;1,56590;38,82700;17,12170
2021-10-19;1,00000;1,16550;133,12000;1,95580;-1,00000;25,50500;7,44060;-1,00000;0,84275;360,64000;-1,00000;-1,00000;-1,00000;4,57290;-1,00000;4,94880;10,03000;-1,00000;-1,00000;1,07160;150,00000;9,73400;7,50830;82,63460;-1,00000;10,84840;1,56010;6,48060;1,43890;7,44640;9,06350;16422,33000;3,74250;87,50000;1372,96000;23,70030;4,86190;1,62940;59,15700;1,56660;38,88100;17,00030
2021-10-20;1,00000;1,16230;132,78000;1,95580;-1,00000;25,51900;7,44040;-1,00000;0,84503;361,59000;-1,00000;-1,00000;-1,00000;4,58500;-1,00000;4,94870;10,01500;-1,00000;-1,00000;1,07390;150,00000;9,74350;7,50920;82,51410;-1,00000;10,78210;1,55280;6,48300;1,43490;7,43020;9,03750;16404,06000;3,73570;87,00860;1364,31000;23,48140;4,83690;1,62190;58,97200;1,56290;38,77400;16,83070
2021-10-21;1,00000;1,16370;132,85000;1,95580;-1,00000;25,61500;7,44060;-1,00000;0,84290;363,39000;-1,00000;-1,00000;-1,00000;4,60300;-1,00000;4,94670;10,01450;-1,00000;-1,00000;1,06900;149,80000;9,70650;7,51320;82,92990;-1,00000;10,96810;1,55280;6,58920;1,43590;7,44630;9,04870;16460,85000;3,73790;87,14450;1370,60000;23,60040;4,83870;1,62140;59,12400;1,56720;38,86200;16,92150
2021-10-22;1,00000;1,16300;132,43000;1,95580;-1,00000;25,65500;7,44050;-1,00000;0,84370;363,52000;-1,00000;-1,00000;-1,00000;4,59750;-1,00000;4,94540;9,97480;-1,00000;-1,00000;1,06680;150,20000;9,70750;7,52650;81,85860;-1,00000;11,18300;1,55100;6,63040;1,43410;7,43370;9,04120;16500,43000;3,73040;87,07400;1368,39000;23,54020;4,82650;1,62570;59,08400;1,56690;38,76300;17,06260
2021-10-25;1,00000;1,16030;131,88000;1,95580;-1,00000;25,73400;7,43990;-1,00000;0,84380;365,84000;-1,00000;-1,00000;-1,00000;4,61870;-1,00000;4,94750;10,00000;-1,00000;-1,00000;1,06660;149,80000;9,70980;7,52730;81,10670;-1,00000;11,22320;1,55050;6,54050;1,43470;7,41420;9,01910;16452,15000;3,72070;87,21600;1357,30000;23,45510;4,81700;1,62350;58,81400;1,56330;38,42300;17,15630
2021-10-26;1,00000;1,16180;132,47000;1,95580;-1,00000;25,70000;7,43920;-1,00000;0,84178;365,29000;-1,00000;-1,00000;-1,00000;4,60090;-1,00000;4,94680;9,98480;-1,00000;-1,00000;1,06840;150,00000;9,68280;7,52250;80,64170;-1,00000;10,97440;1,54650;6,46200;1,43610;7,41240;9,03350;16408,24000;3,71780;87,08200;1354,11000;23,40160;4,81740;1,61720;58,94700;1,56370;38,45600;17,13090
2021-10-27;1,00000;1,16170;132,00000;1,95580;-1,00000;25,68400;7,43940;-1,00000;0,84530;364,05000;-1,00000;-1,00000;-1,00000;4,62070;-1,00000;4,94840;9,97130;-1,00000;-1,00000;1,06700;149,80000;9,73680;7,51450;81,49500;-1,00000;11,01730;1,54580;6,45100;1,44140;7,42600;9,03630;16509,26000;3,70620;87,20100;1360,44000;23,45020;4,82630;1,62110;58,92400;1,56650;38,65000;17,39340
2021-10-28;1,00000;1,15930;131,70000;1,95580;-1,00000;25,70900;7,43910;-1,00000;0,84373;363,33000;-1,00000;-1,00000;-1,00000;4,61920;-1,00000;4,94950;9,96900;-1,00000;-1,00000;1,06560;149,60000;9,74680;7,51550;81,60420;-1,00000;11,14350;1,54110;6,47980;1,43250;7,41690;9,01670;16468,73000;3,68590;86,80320;1357,69000;23,58420;4,81110;1,61460;58,71700;1,56230;38,54700;17,55530
2021-10-29;1,00000;1,16450;132,62000;1,95580;-1,00000;25,69700;7,43890;-1,00000;0,84490;360,00000;-1,00000;-1,00000;-1,00000;4,62150;-1,00000;4,94930;9,93680;-1,00000;-1,00000;1,06110;149,80000;9,74950;7,52700;82,32840;-1,00000;11,13930;1,54550;6,56980;1,43830;7,44880;9,05630;16556,28000;3,66700;87,18300;1362,92000;23,80480;4,82220;1,62550;58,65400;1,56760;38,72000;17,74470
2021-11-01;1,00000;1,15780;132,19000;1,95580;-1,00000;25,63400;7,43960;-1,00000;0,84575;360,48000;-1,00000;-1,00000;-1,00000;4,62250;-1,00000;4,94930;9,91350;-1,00000;-1,00000;1,05620;150,20000;9,73680;7,52530;82,24380;-1,00000;11,02020;1,54000;6,54260;1,43250;7,40770;9,01080;16532,95000;3,63600;86,72750;1363,88000;23,94020;4,80660;1,60970;58,55000;1,56240;38,61300;17,74510
2021-11-02;1,00000;1,16030;132,03000;1,95580;-1,00000;25,57200;7,43990;-1,00000;0,84955;359,35000;-1,00000;-1,00000;-1,00000;4,60780;-1,00000;4,95000;9,89730;-1,00000;-1,00000;1,05940;150,80000;9,79200;7,53070;83,21590;-1,00000;11,06560;1,55440;6,59070;1,43890;7,42390;9,02970;16570,39000;3,63000;86,60400;1363,97000;24,07300;4,81350;1,62600;58,56000;1,56370;38,56800;17,91580
2021-11-03;1,00000;1,15780;131,90000;1,95580;-1,00000;25,54600;7,43810;-1,00000;0,84823;358,88000;-1,00000;-1,00000;-1,00000;4,58750;-1,00000;4,94940;9,91200;-1,00000;-1,00000;1,05680;150,20000;9,86100;7,51950;83,34630;-1,00000;11,22190;1,55740;6,56630;1,43860;7,40820;9,01140;16594,39000;3,62910;86,23550;1369,05000;24,09530;4,80890;1,62200;58,61100;1,56270;38,62400;17,86130
2021-11-04;1,00000;1,15690;131,77000;1,95580;-1,00000;25,46900;7,43770;-1,00000;0,85350;359,86000;-1,00000;-1,00000;-1,00000;4,60670;-1,00000;4,94940;9,90600;-1,00000;-1,00000;1,05540;150,20000;9,85900;7,52400;82,74430;-1,00000;11,25030;1,56020;6,48330;1,43650;7,39830;9,00590;16618,72000;3,60520;86,09550;1369,33000;23,81910;4,80520;1,62350;58,57900;1,56270;38,54200;17,58960
2021-11-05;1,00000;1,15190;130,98000;1,95580;-1,00000;25,27500;7,43760;-1,00000;0,85545;359,50000;-1,00000;-1,00000;-1,00000;4,60370;-1,00000;4,94960;9,90330;-1,00000;-1,00000;1,05590;150,20000;9,88780;7,52180;82,02940;-1,00000;11,18580;1,55940;6,41930;1,43410;7,37560;8,96700;16504,97000;3,58750;85,54150;1366,75000;23,61520;4,79190;1,62420;57,94900;1,55810;38,34100;17,50390
2021-11-08;1,00000;1,15790;131,29000;1,95580;-1,00000;25,25200;7,43830;-1,00000;0,85478;359,76000;-1,00000;-1,00000;-1,00000;4,59560;-1,00000;4,94910;9,95880;-1,00000;-1,00000;1,05910;150,40000;9,87450;7,51880;82,66170;-1,00000;11,27820;1,56210;6,46690;1,44110;7,40480;9,01750;16507,40000;3,58420;85,81350;1368,52000;23,62440;4,81110;1,61510;58,01900;1,56110;38,21100;17,37160
2021-11-09;1,00000;1,15770;130,90000;1,95580;-1,00000;25,19700;7,43770;-1,00000;0,85380;360,99000;-1,00000;-1,00000;-1,00000;4,59260;-1,00000;4,94760;9,89950;-1,00000;-1,00000;1,05920;150,40000;9,85550;7,51900;82,11480;-1,00000;11,26050;1,56420;6,38470;1,43970;7,39890;9,01860;16500,26000;3,59280;85,79100;1362,47000;23,53350;4,80390;1,61920;57,98000;1,56010;37,93200;17,39640
2021-11-10;1,00000;1,15580;130,90000;1,95580;-1,00000;25,20900;7,43760;-1,00000;0,85548;362,15000;-1,00000;-1,00000;-1,00000;4,61210;-1,00000;4,94960;9,96450;-1,00000;-1,00000;1,05550;150,40000;9,88480;7,51650;81,87330;-1,00000;11,35630;1,56970;6,29650;1,43710;7,38660;9,00350;16460,52000;3,59380;85,88240;1362,58000;23,52820;4,80060;1,62850;57,85900;1,55850;37,89900;17,52940
2021-11-11;1,00000;1,14600;130,59000;1,95580;-1,00000;25,25400;7,43720;-1,00000;0,85538;364,80000;-1,00000;-1,00000;-1,00000;4,62960;-1,00000;4,94740;9,96480;-1,00000;-1,00000;1,05610;150,40000;9,96950;7,51180;81,53130;-1,00000;11,36050;1,56990;6,23830;1,44190;7,32920;8,92990;16342,32000;3,57540;85,30900;1353,13000;23,53670;4,77650;1,63180;57,37200;1,55160;37,65200;17,47750
2021-11-12;1,00000;1,14480;130,50000;1,95580;-1,00000;25,23800;7,43700;-1,00000;0,85505;366,15000;-1,00000;-1,00000;-1,00000;4,64280;-1,00000;4,94880;10,00850;-1,00000;-1,00000;1,05680;150,40000;9,95080;7,51230;82,66490;-1,00000;11,39870;1,56900;6,19020;1,44160;7,30470;8,92060;16239,91000;3,56000;85,19300;1349,10000;23,64720;4,76920;1,62930;56,99500;1,54940;37,52700;17,49190
2021-11-15;1,00000;1,14440;130,32000;1,95580;-1,00000;25,21700;7,43750;-1,00000;0,85165;365,98000;-1,00000;-1,00000;-1,00000;4,63740;-1,00000;4,94960;10,00700;-1,00000;-1,00000;1,05330;150,40000;9,91730;7,51280;82,81090;-1,00000;11,46430;1,55370;6,24580;1,43340;7,30340;8,91560;16225,69000;3,55010;85,14300;1350,36000;23,50970;4,76240;1,61740;57,30900;1,54570;37,42800;17,35450
2021-11-16;1,00000;1,13680;129,89000;1,95580;-1,00000;25,22700;7,43670;-1,00000;0,84533;366,35000;-1,00000;-1,00000;-1,00000;4,65450;-1,00000;4,94930;10,02930;-1,00000;-1,00000;1,05280;150,40000;9,88630;7,50990;83,19330;-1,00000;11,60200;1,54900;6,18380;1,42480;7,26270;8,85440;16182,27000;3,51480;84,54040;1343,00000;23,44230;4,73590;1,61860;57,22500;1,53930;37,15300;17,31770
2021-11-17;1,00000;1,13160;129,78000;1,95580;-1,00000;25,22000;7,43650;-1,00000;0,84090;364,73000;-1,00000;-1,00000;-1,00000;4,65710;-1,00000;4,94930;10,03030;-1,00000;-1,00000;1,05300;149,80000;9,88950;7,51160;82,07910;-1,00000;11,86010;1,55210;6,20280;1,42060;7,21700;8,81400;16117,38000;3,46580;84,03000;1337,42000;23,42590;4,72900;1,61620;56,94400;1,53640;36,96900;17,51760
2021-11-18;1,00000;1,13450;129,58000;1,95580;-1,00000;25,23000;7,43620;-1,00000;0,84173;363,69000;-1,00000;-1,00000;-1,00000;4,65650;-1,00000;4,94970;10,05550;-1,00000;-1,00000;1,05110;148,80000;9,95230;7,51200;82,82000;-1,00000;12,55220;1,55800;6,28390;1,42950;7,24190;8,83660;16138,10000;3,49410;84,21800;1342,26000;23,56050;4,74390;1,61060;57,09900;1,54080;37,03000;17,72110
2021-11-19;1,00000;1,12710;128,22000;1,95580;-1,00000;25,41300;7,43660;-1,00000;0,83928;367,80000;-1,00000;-1,00000;-1,00000;4,68180;-1,00000;4,94950;10,09600;-1,00000;-1,00000;1,04620;147,80000;10,04830;7,51600;82,81240;-1,00000;12,52470;1,55810;6,26800;1,42540;7,20270;8,78320;16105,54000;3,48870;83,69050;1344,64000;23,46370;4,71520;1,60980;57,07300;1,53440;36,96900;17,75130
2021-11-22;1,00000;1,12780;128,69000;1,95580;-1,00000;25,37300;7,43680;-1,00000;0,83923;369,12000;-1,00000;-1,00000;-1,00000;4,69840;-1,00000;4,94960;10,12800;-1,00000;-1,00000;1,04540;148,20000;10,07150;7,51850;84,48720;-1,00000;12,67140;1,55320;6,30430;1,42570;7,19750;8,78750;16075,81000;3,48420;83,85200;1338,72000;23,58550;4,72040;1,60950;57,14600;1,53570;37,11600;17,77990
2021-11-23;1,00000;1,12590;129,36000;1,95580;-1,00000;25,44500;7,43640;-1,00000;0,84185;370,91000;-1,00000;-1,00000;-1,00000;4,71190;-1,00000;4,94950;10,13300;-1,00000;-1,00000;1,04920;147,60000;10,07100;7,52400;84,50020;-1,00000;14,13060;1,55810;6,32980;1,43240;7,19430;8,77440;16069,18000;3,50140;83,83950;1340,60000;23,77730;4,72770;1,62410;57,11900;1,53810;37,27500;17,84900
2021-11-24;1,00000;1,12060;129,06000;1,95580;-1,00000;25,50100;7,43670;-1,00000;0,83935;369,15000;-1,00000;-1,00000;-1,00000;4,68020;-1,00000;4,94930;10,19050;-1,00000;-1,00000;1,04840;146,60000;10,02600;7,51900;83,80870;-1,00000;13,50220;1,55490;6,27050;1,42270;7,16000;8,73720;16018,25000;3,51630;83,43900;1331,51000;23,83300;4,71830;1,62570;56,50400;1,53300;37,38900;17,80780
2021-11-25;1,00000;1,12230;129,41000;1,95580;-1,00000;25,47500;7,43620;-1,00000;0,84295;366,61000;-1,00000;-1,00000;-1,00000;4,66610;-1,00000;4,94940;10,17600;-1,00000;-1,00000;1,04800;147,00000;10,06550;7,52250;83,90750;-1,00000;13,47390;1,56270;6,26430;1,42230;7,16760;8,75140;16034,61000;3,54700;83,60740;1337,04000;24,16470;4,74680;1,63940;56,45100;1,53500;37,49600;17,81770
2021-11-26;1,00000;1,12910;128,82000;1,95580;-1,00000;25,66200;7,43650;-1,00000;0,84620;368,56000;-1,00000;-1,00000;-1,00000;4,71170;-1,00000;4,94980;10,26000;-1,00000;-1,00000;1,04460;147,40000;10,16130;7,52280;84,97020;-1,00000;13,76420;1,57950;6,32860;1,43970;7,21490;8,80450;16248,69000;3,58630;84,53950;1348,90000;24,49740;4,78630;1,65380;56,99700;1,54700;38,00600;18,24480
2021-11-29;1,00000;1,12760;128,21000;1,95580;-1,00000;25,67100;7,43670;-1,00000;0,84583;368,58000;-1,00000;-1,00000;-1,00000;4,69620;-1,00000;4,94980;10,29030;-1,00000;-1,00000;1,04400;147,00000;10,21400;7,52900;84,01710;-1,00000;14,31660;1,57820;6,31840;1,43620;7,20020;8,79500;16193,78000;3,56170;84,66350;1344,73000;24,67000;4,77930;1,65520;56,78700;1,54410;37,97800;18,25090
2021-11-30;1,00000;1,13630;128,20000;1,95580;-1,00000;25,52600;7,43680;-1,00000;0,85173;365,68000;-1,00000;-1,00000;-1,00000;4,66390;-1,00000;4,95100;10,28600;-1,00000;-1,00000;1,04300;147,00000;10,27950;7,53150;84,61230;-1,00000;14,93420;1,58980;6,37620;1,45180;7,23950;8,86010;16277,55000;3,58870;85,32740;1350,29000;24,50590;4,77530;1,66440;57,27100;1,55210;38,28200;18,22690
2021-12-01;1,00000;1,13140;128,27000;1,95580;-1,00000;25,44300;7,43620;-1,00000;0,85000;363,78000;-1,00000;-1,00000;-1,00000;4,62830;-1,00000;4,94670;10,22600;-1,00000;-1,00000;1,04270;146,60000;10,21950;7,51850;83,62460;-1,00000;15,16640;1,58490;6,34980;1,44330;7,20650;8,81540;16249,40000;3,56230;84,74850;1330,53000;24,08690;4,77450;1,65480;57,00400;1,54310;38,15100;17,90110
2021-12-02;1,00000;1,13390;127,94000;1,95580;-1,00000;25,42000;7,43620;-1,00000;0,85135;362,44000;-1,00000;-1,00000;-1,00000;4,59530;-1,00000;4,94880;10,26580;-1,00000;-1,00000;1,04140;146,80000;10,29620;7,52450;83,51380;-1,00000;15,29370;1,59750;6,39350;1,45260;7,22970;8,83750;16342,16000;3,59040;85,05200;1333,57000;24,19630;4,79640;1,66620;57,32000;1,55010;38,41300;17,96520
2021-12-03;1,00000;1,12910;127,97000;1,95580;-1,00000;25,41500;7,43620;-1,00000;0,85048;363,86000;-1,00000;-1,00000;-1,00000;4,59230;-1,00000;4,94930;10,31850;-1,00000;-1,00000;1,03870;146,80000;10,28750;7,52730;83,02250;-1,00000;15,61310;1,59990;6,36870;1,44710;7,19350;8,80060;16288,18000;3,56550;84,84550;1334,04000;23,98410;4,77720;1,66340;57,04800;1,54660;38,25400;17,95090
2021-12-06;1,00000;1,12870;127,78000;1,95580;-1,00000;25,42100;7,43620;-1,00000;0,85128;364,43000;-1,00000;-1,00000;-1,00000;4,59240;-1,00000;4,94620;10,26880;-1,00000;-1,00000;1,04160;147,20000;10,29430;7,52650;83,38890;-1,00000;15,56420;1,60340;6,41600;1,44370;7,19860;8,80530;16306,04000;3,57260;85,11900;1333,81000;23,96940;4,78170;1,67030;56,91500;1,54560;38,25200;18,02310
2021-12-07;1,00000;1,12560;127,83000;1,95580;-1,00000;25,46500;7,43630;-1,00000;0,84933;365,88000;-1,00000;-1,00000;-1,00000;4,59420;-1,00000;4,94880;10,25730;-1,00000;-1,00000;1,04140;147,40000;10,19000;7,52050;83,77550;-1,00000;15,36900;1,58360;6,33270;1,42580;7,16710;8,77530;16175,52000;3,54950;84,87800;1325,50000;23,89720;4,76350;1,66070;56,77200;1,53800;37,91000;17,96120
2021-12-08;1,00000;1,12990;128,57000;1,95580;-1,00000;25,47500;7,43620;-1,00000;0,85603;368,13000;-1,00000;-1,00000;-1,00000;4,59620;-1,00000;4,94880;10,25130;-1,00000;-1,00000;1,04320;147,40000;10,09600;7,52500;83,30190;-1,00000;15,47960;1,58410;6,33500;1,42810;7,17260;8,80880;16205,54000;3,51760;85,23450;1328,25000;23,63650;4,77330;1,66590;56,78400;1,54150;37,82900;17,81680
2021-12-09;1,00000;1,13110;128,21000;1,95580;-1,00000;25,43400;7,43620;-1,00000;0,85740;365,81000;-1,00000;-1,00000;-1,00000;4,60450;-1,00000;4,94930;10,25700;-1,00000;-1,00000;1,04460;147,40000;10,15500;7,53050;83,29760;-1,00000;15,61750;1,58400;6,27180;1,43630;7,21140;8,81860;16265,76000;3,51300;85,50750;1331,42000;23,80110;4,76930;1,66720;57,04500;1,54460;37,96000;18,01900
2021-12-10;1,00000;1,12730;128,20000;1,95580;-1,00000;25,36500;7,43620;-1,00000;0,85355;365,58000;-1,00000;-1,00000;-1,00000;4,61230;-1,00000;4,94940;10,24630;-1,00000;-1,00000;1,04240;147,80000;10,13350;7,52500;82,80240;-1,00000;15,69080;1,57650;6,29230;1,43400;7,18140;8,79180;16202,70000;3,49310;85,31050;1331,35000;23,60940;4,74880;1,66350;56,74600;1,53960;37,94500;18,04140
2021-12-13;1,00000;1,12780;128,19000;1,95580;-1,00000;25,40100;7,43620;-1,00000;0,85158;367,07000;-1,00000;-1,00000;-1,00000;4,62210;-1,00000;4,94940;10,23100;-1,00000;-1,00000;1,04180;148,00000;10,15980;7,52100;82,82380;-1,00000;16,05250;1,57950;6,31900;1,43880;7,17770;8,79670;16155,54000;3,50400;85,42250;1333,60000;23,53540;4,76780;1,66510;56,73100;1,54200;37,61200;17,96940
2021-12-14;1,00000;1,13090;128,45000;1,95580;-1,00000;25,33400;7,43620;-1,00000;0,85345;366,85000;-1,00000;-1,00000;-1,00000;4,63000;-1,00000;4,94940;10,28100;-1,00000;-1,00000;1,04040;147,40000;10,24750;7,52130;83,19630;-1,00000;16,20920;1,58660;6,37230;1,44900;7,19560;8,82270;16179,72000;3,52420;85,87900;1338,31000;23,78390;4,78600;1,67230;56,88200;1,54690;37,71600;18,12190
2021-12-15;1,00000;1,12620;128,25000;1,95580;-1,00000;25,27100;7,43620;-1,00000;0,84980;369,09000;-1,00000;-1,00000;-1,00000;4,62720;-1,00000;4,94930;10,25650;-1,00000;-1,00000;1,04160;146,80000;10,22780;7,52080;83,08380;-1,00000;16,56120;1,57630;6,43540;1,44960;7,16910;8,78610;16165,75000;3,53500;86,03450;1335,40000;23,88560;4,76380;1,66890;56,57400;1,54050;37,61500;18,19760
2021-12-16;1,00000;1,13360;129,37000;1,95580;-1,00000;25,28200;7,43620;-1,00000;0,84835;369,24000;-1,00000;-1,00000;-1,00000;4,62780;-1,00000;4,94980;10,24650;-1,00000;-1,00000;1,04570;146,80000;10,14580;7,51710;83,28600;-1,00000;17,58240;1,57140;6,43780;1,44840;7,21830;8,84320;16265,88000;3,52480;86,40050;1341,38000;23,77060;4,76850;1,66100;56,68100;1,54550;37,91900;18,11210
